0.000,0.784,0.679,0.800,0.784,0.778,0.621,0.621,0.393,0.467,0.370,0.882,0.677,0.690,0.690,0.743,0.708,0.656,0.656,0.444,0.727,0.727,0.667,0.743,0.556,0.656,0.697,0.727,0.667,0.771,0.656,0.656,0.684,0.750,0.640,0.680,0.625,0.600,0.765,0.758,0.710,0.795,0.621,0.727,0.735,0.677,0.784,0.771,0.692,0.724,0.645,0.839,0.758,0.926,0.656,0.667,0.700,0.593,0.750,0.839,0.839,0.692,0.645,0.769,0.750,0.591,0.727,0.733,0.758,0.870,0.833,0.690,0.645,0.839,0.731,0.825,0.743,0.500,0.667,0.758,0.593,0.800,0.593,0.750,0.724,0.733,0.815,0.760,0.636,0.879,0.708,0.655,0.812,0.615,0.778,0.774,0.788,0.828,0.750,0.583,0.774,0.793,0.593,0.593,0.750,0.824,0.757,0.864,0.870,0.773,0.758,0.636,0.870,0.875,0.636,0.583,0.677,0.931,0.852,0.893,0.893,0.654,0.893,0.808,0.967,0.673,0.926,0.926,0.852,0.759,0.852,0.828,0.759,0.741,0.808,0.769,0.773,0.697,0.703,0.848,0.467,0.688,0.750,0.444,0.448,0.000,0.833,0.806,0.679,0.714,0.784,0.607,0.667,0.750,0.719,0.882,0.786,0.679,0.742,0.708,0.852,0.706,0.714,0.864,0.704,0.759,0.743,0.690,0.771,0.667,0.576,0.538,0.800,0.656,0.765,0.743,0.708,0.727,0.704,0.692,0.591,0.955,0.815,0.727,0.667,0.760,0.741,0.680,0.793,0.640,0.667,0.600,0.719,0.690,0.735,0.800,0.581,0.867,0.771,0.812,0.758,0.821,0.633,0.794,0.722,0.633,0.562,0.846,0.844,0.741,0.708,0.679,0.765,0.679,0.684
0.784,0.000,0.690,0.130,0.000,0.043,0.719,0.719,0.722,0.730,0.676,0.500,0.500,0.742,0.742,0.676,0.769,0.625,0.625,0.735,0.517,0.517,0.676,0.714,0.675,0.625,0.533,0.517,0.548,0.483,0.625,0.581,0.658,0.667,0.600,0.640,0.692,0.759,0.735,0.444,0.536,0.545,0.536,0.517,0.533,0.500,0.516,0.625,0.654,0.643,0.567,0.577,0.645,0.846,0.581,0.677,0.519,0.655,0.677,0.577,0.577,0.704,0.567,0.625,0.677,0.815,0.697,0.500,0.645,0.920,0.500,0.556,0.567,0.577,0.583,0.629,0.750,0.767,0.677,0.645,0.655,0.520,0.655,0.560,0.643,0.607,0.731,0.609,0.760,0.733,0.769,0.462,0.500,0.679,0.692,0.440,0.586,0.704,0.560,0.750,0.500,0.435,0.655,0.742,0.560,0.586,0.657,0.917,0.920,0.833,0.765,0.647,0.920,0.963,0.760,0.750,0.500,0.897,0.933,0.857,0.857,0.685,0.857,0.857,0.815,0.679,0.846,0.846,0.667,0.630,0.667,0.750,0.724,0.704,0.720,0.680,0.783,0.533,0.559,0.700,0.730,0.656,0.633,0.697,0.686,0.784,0.615,0.087,0.690,0.458,0.083,0.710,0.829,0.794,0.727,0.500,0.750,0.690,0.621,0.815,0.667,0.594,0.606,0.917,0.615,0.520,0.636,0.700,0.483,0.676,0.629,0.607,0.613,0.625,0.464,0.500,0.769,0.739,0.615,0.654,0.720,0.957,0.680,0.792,0.680,0.769,0.704,0.640,0.560,0.600,0.778,0.759,0.552,0.742,0.533,0.613,0.816,0.654,0.625,0.742,0.444,0.694,0.500,0.444,0.531,0.500,0.657,0.852,0.882,0.704,0.769,0.733,0.735,0.733,0.583
0.679,0.690,0.000,0.704,0.690,0.679,0.731,0.731,0.538,0.700,0.520,0.760,0.583,0.808,0.808,0.577,0.500,0.667,0.667,0.600,0.600,0.600,0.719,0.577,0.676,0.667,0.615,0.600,0.630,0.759,0.667,0.714,0.697,0.600,0.579,0.632,0.632,0.667,0.871,0.692,0.625,0.750,0.565,0.654,0.759,0.583,0.774,0.800,0.200,0.571,0.654,0.619,0.741,0.778,0.714,0.778,0.609,0.652,0.821,0.619,0.619,0.650,0.654,0.611,0.821,0.667,0.704,0.652,0.741,0.882,0.783,0.652,0.654,0.619,0.556,0.824,0.844,0.682,0.778,0.741,0.652,0.682,0.652,0.526,0.571,0.652,0.810,0.737,0.647,0.800,0.588,0.769,0.708,0.682,0.632,0.652,0.778,0.500,0.526,0.579,0.708,0.667,0.524,0.708,0.526,0.731,0.742,0.941,0.882,0.824,0.692,0.690,0.882,0.889,0.722,0.579,0.583,0.957,0.909,0.800,0.800,0.765,0.800,0.800,0.857,0.760,0.778,0.778,0.667,0.739,0.667,0.826,0.682,0.714,0.737,0.684,0.750,0.714,0.719,0.760,0.700,0.793,0.731,0.542,0.417,0.679,0.833,0.714,0.000,0.682,0.690,0.545,0.778,0.778,0.741,0.760,0.650,0.696,0.667,0.588,0.667,0.577,0.593,0.941,0.444,0.474,0.679,0.591,0.759,0.719,0.667,0.591,0.654,0.667,0.704,0.630,0.500,0.688,0.667,0.200,0.588,0.933,0.529,0.765,0.438,0.667,0.579,0.632,0.600,0.579,0.611,0.667,0.640,0.808,0.800,0.793,0.767,0.714,0.800,0.808,0.692,0.655,0.692,0.692,0.742,0.583,0.607,0.905,0.846,0.650,0.500,0.800,0.750,0.800,0.656
0.800,0.130,0.704,0.000,0.130,0.091,0.774,0.774,0.735,0.743,0.688,0.500,0.500,0.759,0.759,0.727,0.792,0.633,0.633,0.750,0.571,0.571,0.686,0.727,0.684,0.633,0.586,0.571,0.600,0.586,0.633,0.633,0.667,0.680,0.609,0.591,0.652,0.778,0.750,0.500,0.480,0.594,0.593,0.519,0.481,0.500,0.517,0.719,0.667,0.654,0.667,0.640,0.700,0.826,0.677,0.733,0.577,0.615,0.774,0.640,0.640,0.769,0.667,0.696,0.774,0.840,0.750,0.500,0.700,0.957,0.500,0.615,0.667,0.640,0.652,0.676,0.765,0.786,0.733,0.700,0.615,0.640,0.667,0.565,0.654,0.615,0.750,0.619,0.783,0.750,0.792,0.458,0.435,0.692,0.708,0.560,0.690,0.720,0.565,0.769,0.615,0.429,0.667,0.759,0.565,0.643,0.706,0.955,0.957,0.864,0.818,0.656,0.957,1.000,0.783,0.769,0.500,0.885,0.926,0.840,0.840,0.741,0.840,0.840,0.792,0.736,0.826,0.826,0.682,0.741,0.682,0.720,0.692,0.720,0.792,0.696,0.810,0.586,0.606,0.714,0.743,0.710,0.643,0.710,0.697,0.800,0.680,0.048,0.704,0.455,0.130,0.724,0.848,0.812,0.742,0.500,0.720,0.704,0.679,0.792,0.619,0.645,0.656,0.955,0.680,0.522,0.688,0.759,0.586,0.686,0.636,0.615,0.710,0.633,0.571,0.600,0.792,0.762,0.680,0.667,0.739,0.950,0.750,0.818,0.636,0.792,0.720,0.591,0.625,0.609,0.800,0.778,0.556,0.759,0.536,0.621,0.833,0.667,0.719,0.714,0.500,0.778,0.556,0.440,0.533,0.556,0.706,0.833,0.871,0.720,0.792,0.750,0.788,0.750,0.629
0.784,0.000,0.690,0.130,0.000,0.043,0.719,0.719,0.722,0.730,0.676,0.500,0.500,0.742,0.742,0.676,0.769,0.625,0.625,0.735,0.517,0.517,0.676,0.714,0.675,0.625,0.533,0.517,0.548,0.483,0.625,0.581,0.658,0.667,0.600,0.640,0.692,0.759,0.735,0.444,0.536,0.545,0.536,0.517,0.533,0.500,0.516,0.625,0.654,0.643,0.567,0.577,0.645,0.846,0.581,0.677,0.519,0.655,0.677,0.577,0.577,0.704,0.567,0.625,0.677,0.815,0.697,0.500,0.645,0.920,0.500,0.556,0.567,0.577,0.583,0.629,0.750,0.767,0.677,0.645,0.655,0.520,0.655,0.560,0.643,0.607,0.731,0.609,0.760,0.733,0.769,0.462,0.500,0.679,0.692,0.440,0.586,0.704,0.560,0.750,0.500,0.435,0.655,0.742,0.560,0.586,0.657,0.917,0.920,0.833,0.765,0.647,0.920,0.963,0.760,0.750,0.500,0.897,0.933,0.857,0.857,0.685,0.857,0.857,0.815,0.679,0.846,0.846,0.667,0.630,0.667,0.750,0.724,0.704,0.720,0.680,0.783,0.533,0.559,0.700,0.730,0.656,0.633,0.697,0.686,0.784,0.615,0.087,0.690,0.458,0.083,0.710,0.829,0.794,0.727,0.500,0.750,0.690,0.621,0.815,0.667,0.594,0.606,0.917,0.615,0.520,0.636,0.700,0.483,0.676,0.629,0.607,0.613,0.625,0.464,0.500,0.769,0.739,0.615,0.654,0.720,0.957,0.680,0.792,0.680,0.769,0.704,0.640,0.560,0.600,0.778,0.759,0.552,0.742,0.533,0.613,0.816,0.654,0.625,0.742,0.444,0.694,0.500,0.444,0.531,0.500,0.657,0.852,0.882,0.704,0.769,0.733,0.735,0.733,0.583
0.778,0.043,0.679,0.091,0.043,0.000,0.710,0.710,0.714,0.722,0.667,0.480,0.481,0.733,0.733,0.667,0.760,0.613,0.613,0.727,0.500,0.500,0.667,0.706,0.667,0.613,0.517,0.500,0.533,0.517,0.613,0.567,0.649,0.654,0.583,0.625,0.680,0.750,0.765,0.481,0.519,0.576,0.571,0.552,0.517,0.481,0.548,0.656,0.640,0.630,0.600,0.560,0.677,0.840,0.613,0.710,0.556,0.643,0.710,0.560,0.560,0.741,0.600,0.609,0.710,0.808,0.727,0.480,0.677,0.917,0.478,0.593,0.600,0.560,0.625,0.657,0.743,0.759,0.710,0.677,0.643,0.560,0.643,0.542,0.630,0.593,0.720,0.591,0.750,0.767,0.760,0.440,0.480,0.667,0.680,0.480,0.621,0.692,0.542,0.741,0.538,0.409,0.643,0.733,0.542,0.571,0.686,0.913,0.917,0.826,0.794,0.676,0.917,0.962,0.750,0.741,0.481,0.893,0.931,0.852,0.852,0.704,0.852,0.852,0.808,0.698,0.840,0.840,0.708,0.667,0.708,0.741,0.714,0.741,0.760,0.667,0.773,0.517,0.588,0.690,0.722,0.645,0.621,0.688,0.676,0.778,0.654,0.130,0.679,0.435,0.043,0.700,0.824,0.788,0.719,0.480,0.741,0.679,0.655,0.808,0.652,0.581,0.594,0.913,0.654,0.500,0.667,0.690,0.517,0.667,0.618,0.593,0.645,0.613,0.500,0.533,0.760,0.727,0.600,0.640,0.708,0.955,0.667,0.783,0.667,0.760,0.692,0.625,0.542,0.583,0.769,0.750,0.586,0.733,0.567,0.600,0.842,0.692,0.656,0.733,0.481,0.722,0.481,0.423,0.562,0.536,0.647,0.846,0.879,0.692,0.760,0.724,0.727,0.724,0.571
0.621,0.719,0.731,0.774,0.719,0.710,0.000,0.000,0.677,0.727,0.621,0.828,0.806,0.583,0.583,0.667,0.826,0.742,0.742,0.643,0.733,0.733,0.811,0.750,0.769,0.742,0.655,0.733,0.667,0.700,0.742,0.742,0.821,0.760,0.636,0.926,0.739,0.808,0.882,0.767,0.839,0.838,0.800,0.848,0.742,0.806,0.794,0.781,0.800,0.778,0.690,0.667,0.806,0.611,0.607,0.667,0.793,0.692,0.615,0.667,0.667,0.800,0.690,0.667,0.615,0.773,0.733,0.786,0.806,0.900,0.591,0.828,0.690,0.667,0.739,0.838,0.824,0.720,0.667,0.806,0.692,0.720,0.455,0.760,0.778,0.692,0.833,0.826,0.818,0.900,0.650,0.704,0.867,0.720,0.840,0.692,0.759,0.800,0.760,0.696,0.640,0.760,0.786,0.741,0.760,0.759,0.800,0.895,0.900,0.850,0.767,0.719,0.900,0.789,0.762,0.696,0.806,0.875,0.773,0.773,0.773,0.680,0.773,0.650,0.714,0.673,0.611,0.611,0.773,0.609,0.773,0.696,0.667,0.636,0.773,0.833,0.789,0.607,0.625,0.903,0.727,0.733,0.800,0.643,0.633,0.621,0.760,0.781,0.731,0.857,0.719,0.600,0.364,0.500,0.577,0.828,0.800,0.862,0.793,0.875,0.826,0.667,0.677,0.895,0.652,0.667,0.710,0.867,0.700,0.811,0.735,0.741,0.690,0.742,0.774,0.750,0.826,0.800,0.652,0.800,0.826,0.944,0.667,0.800,0.833,0.826,0.696,0.926,0.708,0.636,0.783,0.808,0.879,0.583,0.781,0.848,0.857,0.846,0.781,0.786,0.767,0.800,0.458,0.806,0.765,0.767,0.688,0.917,0.935,0.846,0.826,0.565,0.690,0.565,0.606
0.621,0.719,0.731,0.774,0.719,0.710,0.000,0.000,0.677,0.727,0.621,0.828,0.806,0.583,0.583,0.667,0.826,0.742,0.742,0.643,0.733,0.733,0.811,0.750,0.769,0.742,0.655,0.733,0.667,0.700,0.742,0.742,0.821,0.760,0.636,0.926,0.739,0.808,0.882,0.767,0.839,0.838,0.800,0.848,0.742,0.806,0.794,0.781,0.800,0.778,0.690,0.667,0.806,0.611,0.607,0.667,0.793,0.692,0.615,0.667,0.667,0.800,0.690,0.667,0.615,0.773,0.733,0.786,0.806,0.900,0.591,0.828,0.690,0.667,0.739,0.838,0.824,0.720,0.667,0.806,0.692,0.720,0.455,0.760,0.778,0.692,0.833,0.826,0.818,0.900,0.650,0.704,0.867,0.720,0.840,0.692,0.759,0.800,0.760,0.696,0.640,0.760,0.786,0.741,0.760,0.759,0.800,0.895,0.900,0.850,0.767,0.719,0.900,0.789,0.762,0.696,0.806,0.875,0.773,0.773,0.773,0.680,0.773,0.650,0.714,0.673,0.611,0.611,0.773,0.609,0.773,0.696,0.667,0.636,0.773,0.833,0.789,0.607,0.625,0.903,0.727,0.733,0.800,0.643,0.633,0.621,0.760,0.781,0.731,0.857,0.719,0.600,0.364,0.500,0.577,0.828,0.800,0.862,0.793,0.875,0.826,0.667,0.677,0.895,0.652,0.667,0.710,0.867,0.700,0.811,0.735,0.741,0.690,0.742,0.774,0.750,0.826,0.800,0.652,0.800,0.826,0.944,0.667,0.800,0.833,0.826,0.696,0.926,0.708,0.636,0.783,0.808,0.879,0.583,0.781,0.848,0.857,0.846,0.781,0.786,0.767,0.800,0.458,0.806,0.765,0.767,0.688,0.917,0.935,0.846,0.826,0.565,0.690,0.565,0.606
0.393,0.722,0.538,0.735,0.722,0.714,0.677,0.677,0.000,0.484,0.333,0.781,0.688,0.742,0.742,0.714,0.667,0.667,0.667,0.208,0.613,0.613,0.600,0.676,0.486,0.667,0.667,0.613,0.636,0.706,0.667,0.625,0.583,0.667,0.600,0.786,0.640,0.560,0.868,0.727,0.719,0.800,0.633,0.735,0.778,0.688,0.789,0.842,0.600,0.593,0.613,0.679,0.800,0.846,0.667,0.677,0.621,0.700,0.719,0.679,0.679,0.654,0.613,0.680,0.719,0.667,0.735,0.655,0.800,0.826,0.759,0.655,0.613,0.679,0.692,0.769,0.750,0.679,0.677,0.800,0.700,0.679,0.742,0.667,0.593,0.742,0.731,0.769,0.708,0.848,0.667,0.788,0.742,0.767,0.692,0.655,0.677,0.654,0.667,0.704,0.700,0.714,0.742,0.700,0.667,0.758,0.730,0.870,0.826,0.783,0.645,0.606,0.826,0.923,0.760,0.704,0.688,0.933,0.933,0.857,0.857,0.660,0.857,0.857,0.897,0.627,0.846,0.846,0.815,0.767,0.815,0.833,0.844,0.833,0.720,0.731,0.783,0.743,0.711,0.818,0.484,0.656,0.719,0.346,0.231,0.393,0.800,0.743,0.538,0.724,0.722,0.571,0.758,0.719,0.688,0.781,0.704,0.733,0.710,0.667,0.769,0.636,0.606,0.870,0.615,0.724,0.714,0.700,0.706,0.600,0.545,0.607,0.735,0.667,0.735,0.636,0.667,0.739,0.667,0.600,0.720,0.957,0.625,0.739,0.680,0.609,0.600,0.786,0.714,0.600,0.625,0.560,0.727,0.742,0.743,0.838,0.636,0.750,0.842,0.853,0.727,0.795,0.765,0.727,0.795,0.645,0.618,0.931,0.882,0.654,0.667,0.733,0.771,0.733,0.622
0.467,0.730,0.700,0.743,0.730,0.722,0.727,0.727,0.484,0.000,0.562,0.889,0.613,0.710,0.710,0.722,0.731,0.676,0.676,0.533,0.706,0.706,0.750,0.757,0.650,0.676,0.750,0.706,0.722,0.750,0.676,0.784,0.667,0.767,0.667,0.654,0.600,0.806,0.811,0.656,0.645,0.711,0.600,0.625,0.784,0.613,0.730,0.816,0.714,0.742,0.625,0.774,0.735,0.893,0.676,0.645,0.536,0.750,0.727,0.774,0.774,0.667,0.625,0.786,0.727,0.625,0.842,0.667,0.735,0.880,0.724,0.571,0.625,0.774,0.704,0.833,0.757,0.812,0.645,0.735,0.750,0.812,0.750,0.724,0.742,0.750,0.786,0.680,0.667,0.742,0.731,0.758,0.750,0.774,0.750,0.788,0.645,0.800,0.724,0.800,0.750,0.767,0.710,0.788,0.724,0.688,0.667,0.875,0.880,0.792,0.735,0.730,0.880,0.926,0.815,0.800,0.613,0.935,0.935,0.862,0.862,0.642,0.862,0.862,0.935,0.660,0.893,0.893,0.821,0.848,0.821,0.941,0.848,0.839,0.778,0.741,0.792,0.750,0.718,0.824,0.000,0.483,0.552,0.625,0.618,0.467,0.630,0.750,0.700,0.690,0.730,0.719,0.800,0.833,0.806,0.889,0.839,0.655,0.758,0.731,0.862,0.722,0.730,0.875,0.724,0.690,0.757,0.750,0.750,0.750,0.639,0.571,0.842,0.676,0.743,0.686,0.731,0.750,0.724,0.714,0.680,0.958,0.786,0.750,0.692,0.778,0.759,0.654,0.767,0.667,0.741,0.806,0.613,0.710,0.594,0.743,0.722,0.839,0.816,0.889,0.656,0.769,0.697,0.735,0.667,0.613,0.737,0.815,0.853,0.800,0.731,0.700,0.706,0.700,0.667
0.370,0.676,0.520,0.688,0.676,0.667,0.621,0.621,0.333,0.562,0.000,0.733,0.633,0.690,0.690,0.625,0.708,0.517,0.517,0.250,0.600,0.600,0.500,0.581,0.375,0.517,0.613,0.600,0.581,0.656,0.517,0.567,0.529,0.654,0.522,0.680,0.565,0.542,0.833,0.719,0.667,0.763,0.519,0.688,0.735,0.633,0.750,0.838,0.583,0.577,0.600,0.759,0.719,0.792,0.656,0.667,0.556,0.538,0.710,0.759,0.759,0.583,0.600,0.609,0.710,0.652,0.688,0.593,0.719,0.870,0.750,0.593,0.600,0.759,0.625,0.854,0.706,0.615,0.667,0.719,0.538,0.615,0.593,0.654,0.577,0.643,0.720,0.760,0.636,0.806,0.591,0.700,0.733,0.714,0.778,0.593,0.710,0.692,0.654,0.692,0.643,0.704,0.690,0.643,0.654,0.710,0.722,0.864,0.870,0.773,0.719,0.500,0.870,0.920,0.636,0.692,0.633,0.931,0.931,0.808,0.808,0.654,0.808,0.760,0.852,0.647,0.792,0.792,0.760,0.714,0.760,0.741,0.714,0.741,0.708,0.769,0.773,0.656,0.588,0.812,0.562,0.727,0.621,0.091,0.125,0.370,0.793,0.697,0.520,0.667,0.676,0.556,0.750,0.667,0.719,0.733,0.640,0.679,0.655,0.708,0.708,0.625,0.594,0.864,0.478,0.615,0.667,0.690,0.656,0.500,0.433,0.538,0.765,0.517,0.645,0.625,0.708,0.727,0.654,0.583,0.591,0.955,0.720,0.727,0.545,0.708,0.640,0.680,0.704,0.522,0.720,0.542,0.677,0.690,0.735,0.800,0.625,0.692,0.838,0.812,0.719,0.789,0.633,0.719,0.722,0.536,0.516,0.929,0.879,0.692,0.708,0.679,0.645,0.679,0.611
0.882,0.500,0.760,0.500,0.500,0.480,0.828,0.828,0.781,0.889,0.733,0.000,0.654,0.815,0.815,0.774,0.913,0.806,0.806,0.759,0.714,0.714,0.765,0.812,0.757,0.806,0.724,0.714,0.733,0.679,0.806,0.806,0.811,0.792,0.783,0.773,0.826,0.885,0.800,0.704,0.640,0.677,0.692,0.667,0.679,0.654,0.700,0.767,0.727,0.708,0.759,0.750,0.833,0.850,0.767,0.828,0.731,0.667,0.828,0.750,0.750,0.833,0.759,0.700,0.828,0.958,0.909,0.667,0.833,1.000,0.739,0.769,0.759,0.750,0.773,0.758,0.882,0.889,0.828,0.833,0.667,0.696,0.815,0.739,0.708,0.720,0.818,0.864,0.909,0.808,0.913,0.821,0.667,0.846,0.875,0.609,0.692,0.667,0.739,0.880,0.769,0.474,0.815,0.815,0.739,0.692,0.857,1.000,1.000,0.950,0.939,0.781,1.000,1.000,0.909,0.880,0.654,1.000,0.958,0.864,0.864,0.836,0.864,0.864,0.810,0.811,0.850,0.850,0.684,0.696,0.684,0.727,0.800,0.727,0.864,0.870,0.950,0.679,0.800,0.815,0.889,0.759,0.741,0.714,0.742,0.882,0.840,0.520,0.760,0.750,0.500,0.778,0.938,0.867,0.833,0.000,0.727,0.852,0.778,0.913,0.684,0.733,0.700,1.000,0.739,0.696,0.733,0.815,0.679,0.765,0.719,0.815,0.800,0.806,0.667,0.733,0.913,0.900,0.739,0.727,0.864,0.938,0.818,0.952,0.700,0.913,0.783,0.773,0.682,0.783,0.917,0.885,0.704,0.815,0.767,0.714,0.848,0.667,0.767,0.667,0.704,0.857,0.750,0.654,0.667,0.654,0.750,0.957,0.893,0.880,0.913,0.808,0.800,0.808,0.706
0.677,0.500,0.583,0.500,0.500,0.481,0.806,0.806,0.688,0.613,0.633,0.654,0.000,0.793,0.793,0.677,0.727,0.667,0.667,0.742,0.655,0.655,0.714,0.719,0.676,0.667,0.667,0.655,0.677,0.710,0.667,0.750,0.694,0.720,0.652,0.421,0.636,0.815,0.556,0.273,0.053,0.429,0.391,0.143,0.400,0.000,0.444,0.519,0.524,0.692,0.700,0.625,0.690,0.870,0.710,0.767,0.435,0.600,0.806,0.625,0.625,0.652,0.700,0.682,0.806,0.667,0.781,0.542,0.690,0.955,0.609,0.478,0.700,0.625,0.636,0.706,0.861,0.778,0.767,0.690,0.600,0.731,0.704,0.545,0.692,0.600,0.792,0.600,0.650,0.786,0.783,0.667,0.600,0.680,0.696,0.654,0.679,0.708,0.545,0.760,0.750,0.545,0.542,0.793,0.545,0.630,0.697,0.952,0.955,0.857,0.774,0.765,0.955,0.957,0.773,0.760,0.000,1.000,0.963,0.880,0.880,0.782,0.880,0.880,0.727,0.800,0.870,0.870,0.667,0.778,0.667,0.808,0.731,0.708,0.783,0.682,0.800,0.571,0.714,0.750,0.613,0.700,0.630,0.700,0.688,0.677,0.769,0.519,0.583,0.565,0.500,0.615,0.879,0.879,0.812,0.654,0.760,0.583,0.714,0.727,0.727,0.586,0.600,0.952,0.667,0.429,0.633,0.654,0.710,0.714,0.625,0.600,0.742,0.667,0.607,0.677,0.727,0.750,0.720,0.524,0.600,0.947,0.739,0.810,0.474,0.833,0.760,0.421,0.609,0.652,0.792,0.815,0.190,0.793,0.462,0.375,0.719,0.760,0.519,0.600,0.273,0.735,0.593,0.273,0.346,0.348,0.656,0.826,0.828,0.808,0.727,0.786,0.742,0.786,0.694
0.690,0.742,0.808,0.759,0.742,0.733,0.583,0.583,0.742,0.710,0.690,0.815,0.793,0.000,0.000,0.774,0.810,0.767,0.767,0.714,0.759,0.759,0.765,0.848,0.757,0.767,0.679,0.759,0.690,0.767,0.767,0.844,0.778,0.792,0.600,0.875,0.650,0.792,0.875,0.750,0.828,0.892,0.786,0.839,0.724,0.793,0.781,0.844,0.783,0.760,0.800,0.750,0.871,0.789,0.767,0.381,0.731,0.720,0.522,0.750,0.750,0.783,0.800,0.700,0.522,0.810,0.800,0.769,0.871,0.889,0.682,0.769,0.800,0.750,0.714,0.758,0.690,0.636,0.381,0.871,0.720,0.750,0.400,0.739,0.760,0.769,0.762,0.750,0.800,0.852,0.810,0.625,0.857,0.636,0.773,0.667,0.692,0.727,0.739,0.600,0.720,0.682,0.720,0.667,0.739,0.692,0.750,0.882,0.889,0.765,0.833,0.781,0.889,0.895,0.737,0.600,0.793,0.913,0.810,0.750,0.750,0.694,0.750,0.611,0.810,0.660,0.789,0.789,0.810,0.571,0.810,0.727,0.800,0.667,0.750,0.762,0.765,0.577,0.600,0.897,0.710,0.615,0.583,0.667,0.700,0.690,0.682,0.767,0.808,0.800,0.742,0.500,0.692,0.583,0.542,0.815,0.880,0.808,0.821,0.864,0.864,0.690,0.655,0.882,0.682,0.750,0.733,0.857,0.767,0.765,0.758,0.667,0.759,0.767,0.800,0.774,0.810,0.706,0.739,0.783,0.810,0.938,0.762,0.778,0.818,0.810,0.667,0.875,0.792,0.600,0.700,0.792,0.871,0.000,0.767,0.839,0.812,0.833,0.844,0.769,0.750,0.889,0.478,0.793,0.788,0.750,0.667,0.800,0.852,0.833,0.810,0.278,0.615,0.278,0.625
0.690,0.742,0.808,0.759,0.742,0.733,0.583,0.583,0.742,0.710,0.690,0.815,0.793,0.000,0.000,0.774,0.810,0.767,0.767,0.714,0.759,0.759,0.765,0.848,0.757,0.767,0.679,0.759,0.690,0.767,0.767,0.844,0.778,0.792,0.600,0.875,0.650,0.792,0.875,0.750,0.828,0.892,0.786,0.839,0.724,0.793,0.781,0.844,0.783,0.760,0.800,0.750,0.871,0.789,0.767,0.381,0.731,0.720,0.522,0.750,0.750,0.783,0.800,0.700,0.522,0.810,0.800,0.769,0.871,0.889,0.682,0.769,0.800,0.750,0.714,0.758,0.690,0.636,0.381,0.871,0.720,0.750,0.400,0.739,0.760,0.769,0.762,0.750,0.800,0.852,0.810,0.625,0.857,0.636,0.773,0.667,0.692,0.727,0.739,0.600,0.720,0.682,0.720,0.667,0.739,0.692,0.750,0.882,0.889,0.765,0.833,0.781,0.889,0.895,0.737,0.600,0.793,0.913,0.810,0.750,0.750,0.694,0.750,0.611,0.810,0.660,0.789,0.789,0.810,0.571,0.810,0.727,0.800,0.667,0.750,0.762,0.765,0.577,0.600,0.897,0.710,0.615,0.583,0.667,0.700,0.690,0.682,0.767,0.808,0.800,0.742,0.500,0.692,0.583,0.542,0.815,0.880,0.808,0.821,0.864,0.864,0.690,0.655,0.882,0.682,0.750,0.733,0.857,0.767,0.765,0.758,0.667,0.759,0.767,0.800,0.774,0.810,0.706,0.739,0.783,0.810,0.938,0.762,0.778,0.818,0.810,0.667,0.875,0.792,0.600,0.700,0.792,0.871,0.000,0.767,0.839,0.812,0.833,0.844,0.769,0.750,0.889,0.478,0.793,0.788,0.750,0.667,0.800,0.852,0.833,0.810,0.278,0.615,0.278,0.625
0.743,0.676,0.577,0.727,0.676,0.667,0.667,0.667,0.714,0.722,0.625,0.774,0.677,0.774,0.774,0.000,0.808,0.464,0.464,0.765,0.500,0.500,0.629,0.370,0.667,0.464,0.464,0.500,0.483,0.697,0.464,0.567,0.571,0.654,0.692,0.731,0.778,0.704,0.765,0.677,0.710,0.730,0.667,0.727,0.735,0.677,0.750,0.735,0.692,0.679,0.765,0.560,0.794,0.840,0.806,0.750,0.655,0.733,0.750,0.560,0.560,0.786,0.765,0.667,0.750,0.760,0.600,0.643,0.794,0.870,0.704,0.690,0.765,0.560,0.680,0.795,0.842,0.714,0.750,0.794,0.733,0.714,0.690,0.542,0.679,0.733,0.857,0.708,0.800,0.844,0.708,0.700,0.733,0.615,0.625,0.690,0.710,0.786,0.542,0.640,0.733,0.750,0.690,0.733,0.542,0.710,0.686,0.913,0.870,0.875,0.758,0.750,0.870,0.920,0.750,0.640,0.677,0.967,0.931,0.852,0.852,0.571,0.852,0.808,0.893,0.620,0.840,0.840,0.760,0.714,0.760,0.828,0.560,0.741,0.808,0.667,0.826,0.613,0.703,0.774,0.722,0.765,0.621,0.688,0.594,0.743,0.793,0.735,0.577,0.714,0.676,0.607,0.788,0.750,0.758,0.774,0.692,0.724,0.655,0.760,0.760,0.581,0.594,0.913,0.600,0.560,0.743,0.643,0.697,0.629,0.657,0.733,0.688,0.464,0.645,0.533,0.808,0.783,0.654,0.692,0.760,0.955,0.609,0.833,0.720,0.760,0.640,0.731,0.478,0.692,0.720,0.704,0.719,0.774,0.771,0.688,0.872,0.786,0.735,0.774,0.677,0.647,0.586,0.719,0.722,0.677,0.562,0.929,0.912,0.741,0.808,0.806,0.645,0.806,0.529
0.708,0.769,0.500,0.792,0.769,0.760,0.826,0.826,0.667,0.731,0.708,0.913,0.727,0.810,0.810,0.808,0.000,0.800,0.800,0.739,0.739,0.739,0.793,0.852,0.742,0.800,0.750,0.739,0.760,0.846,0.800,0.750,0.806,0.706,0.688,0.667,0.571,0.625,0.964,0.783,0.773,0.867,0.650,0.792,0.889,0.727,0.897,0.889,0.385,0.737,0.739,0.647,0.727,1.000,0.750,0.773,0.632,0.810,0.826,0.647,0.647,0.500,0.739,0.643,0.826,0.500,0.739,0.750,0.727,0.700,0.778,0.611,0.739,0.647,0.667,0.867,0.808,0.647,0.773,0.727,0.810,0.722,0.750,0.706,0.737,0.684,0.643,0.615,0.300,0.857,0.615,0.762,0.864,0.722,0.571,0.750,0.826,0.600,0.706,0.600,0.750,0.706,0.529,0.750,0.706,0.826,0.862,0.800,0.700,0.600,0.727,0.897,0.700,0.923,0.583,0.600,0.727,1.000,1.000,0.941,0.941,0.882,0.941,0.941,1.000,0.880,1.000,1.000,0.875,0.850,0.875,0.950,0.905,0.895,0.615,0.643,0.444,0.800,0.833,0.810,0.731,0.792,0.826,0.739,0.667,0.708,0.842,0.800,0.500,0.647,0.769,0.632,0.826,0.875,0.727,0.913,0.895,0.588,0.762,0.364,0.875,0.708,0.720,0.800,0.706,0.789,0.760,0.611,0.846,0.793,0.741,0.611,0.739,0.800,0.792,0.760,0.000,0.500,0.778,0.385,0.364,0.889,0.538,0.500,0.643,0.500,0.765,0.667,0.778,0.688,0.538,0.625,0.783,0.810,0.800,0.885,0.852,0.895,0.889,0.958,0.783,0.862,0.783,0.833,0.862,0.667,0.680,0.938,0.857,0.600,0.000,0.800,0.792,0.800,0.806
0.656,0.625,0.667,0.633,0.625,0.613,0.742,0.742,0.667,0.676,0.517,0.806,0.667,0.767,0.767,0.464,0.800,0.000,0.000,0.677,0.536,0.536,0.484,0.208,0.543,0.000,0.500,0.536,0.517,0.688,0.000,0.500,0.419,0.640,0.625,0.720,0.720,0.640,0.794,0.667,0.700,0.722,0.655,0.719,0.645,0.667,0.667,0.800,0.680,0.615,0.633,0.704,0.710,0.880,0.688,0.655,0.643,0.630,0.700,0.704,0.704,0.731,0.633,0.652,0.700,0.696,0.586,0.577,0.710,0.913,0.741,0.679,0.633,0.704,0.609,0.821,0.656,0.654,0.655,0.710,0.630,0.542,0.679,0.583,0.615,0.679,0.760,0.696,0.739,0.800,0.696,0.593,0.630,0.654,0.720,0.520,0.742,0.778,0.583,0.680,0.577,0.741,0.724,0.679,0.583,0.607,0.636,0.909,0.913,0.818,0.788,0.581,0.913,0.960,0.619,0.680,0.667,0.966,0.966,0.889,0.889,0.592,0.889,0.846,0.929,0.640,0.880,0.880,0.750,0.750,0.750,0.731,0.654,0.731,0.750,0.708,0.762,0.645,0.531,0.767,0.676,0.829,0.655,0.586,0.581,0.656,0.741,0.645,0.667,0.600,0.625,0.643,0.818,0.781,0.750,0.806,0.625,0.714,0.593,0.800,0.636,0.697,0.706,0.909,0.583,0.600,0.771,0.767,0.688,0.484,0.467,0.630,0.677,0.000,0.586,0.567,0.800,0.714,0.640,0.680,0.696,0.952,0.708,0.773,0.652,0.750,0.731,0.720,0.640,0.625,0.760,0.640,0.710,0.767,0.765,0.719,0.806,0.680,0.800,0.806,0.667,0.714,0.667,0.621,0.714,0.667,0.500,0.840,0.875,0.680,0.800,0.759,0.677,0.759,0.559
0.656,0.625,0.667,0.633,0.625,0.613,0.742,0.742,0.667,0.676,0.517,0.806,0.667,0.767,0.767,0.464,0.800,0.000,0.000,0.677,0.536,0.536,0.484,0.208,0.543,0.000,0.500,0.536,0.517,0.688,0.000,0.500,0.419,0.640,0.625,0.720,0.720,0.640,0.794,0.667,0.700,0.722,0.655,0.719,0.645,0.667,0.667,0.800,0.680,0.615,0.633,0.704,0.710,0.880,0.688,0.655,0.643,0.630,0.700,0.704,0.704,0.731,0.633,0.652,0.700,0.696,0.586,0.577,0.710,0.913,0.741,0.679,0.633,0.704,0.609,0.821,0.656,0.654,0.655,0.710,0.630,0.542,0.679,0.583,0.615,0.679,0.760,0.696,0.739,0.800,0.696,0.593,0.630,0.654,0.720,0.520,0.742,0.778,0.583,0.680,0.577,0.741,0.724,0.679,0.583,0.607,0.636,0.909,0.913,0.818,0.788,0.581,0.913,0.960,0.619,0.680,0.667,0.966,0.966,0.889,0.889,0.592,0.889,0.846,0.929,0.640,0.880,0.880,0.750,0.750,0.750,0.731,0.654,0.731,0.750,0.708,0.762,0.645,0.531,0.767,0.676,0.829,0.655,0.586,0.581,0.656,0.741,0.645,0.667,0.600,0.625,0.643,0.818,0.781,0.750,0.806,0.625,0.714,0.593,0.800,0.636,0.697,0.706,0.909,0.583,0.600,0.771,0.767,0.688,0.484,0.467,0.630,0.677,0.000,0.586,0.567,0.800,0.714,0.640,0.680,0.696,0.952,0.708,0.773,0.652,0.750,0.731,0.720,0.640,0.625,0.760,0.640,0.710,0.767,0.765,0.719,0.806,0.680,0.800,0.806,0.667,0.714,0.667,0.621,0.714,0.667,0.500,0.840,0.875,0.680,0.800,0.759,0.677,0.759,0.559
0.444,0.735,0.600,0.750,0.735,0.727,0.643,0.643,0.208,0.533,0.250,0.759,0.742,0.714,0.714,0.765,0.739,0.677,0.677,0.000,0.667,0.667,0.647,0.727,0.529,0.677,0.719,0.667,0.688,0.719,0.677,0.677,0.667,0.731,0.609,0.808,0.652,0.680,0.889,0.781,0.774,0.846,0.643,0.788,0.829,0.742,0.838,0.892,0.667,0.654,0.621,0.786,0.818,0.773,0.677,0.690,0.630,0.714,0.733,0.786,0.786,0.667,0.621,0.696,0.733,0.739,0.824,0.667,0.818,0.857,0.778,0.667,0.621,0.786,0.708,0.846,0.765,0.741,0.690,0.818,0.714,0.692,0.714,0.731,0.654,0.759,0.750,0.792,0.727,0.871,0.619,0.806,0.759,0.828,0.808,0.667,0.643,0.667,0.731,0.815,0.714,0.680,0.800,0.759,0.731,0.733,0.778,0.850,0.857,0.750,0.781,0.567,0.857,0.864,0.783,0.815,0.742,0.885,0.885,0.792,0.792,0.692,0.792,0.792,0.840,0.660,0.773,0.773,0.840,0.741,0.840,0.857,0.828,0.857,0.739,0.800,0.810,0.758,0.686,0.839,0.533,0.621,0.690,0.182,0.280,0.444,0.778,0.758,0.600,0.741,0.735,0.679,0.774,0.690,0.781,0.759,0.720,0.750,0.724,0.792,0.792,0.727,0.697,0.850,0.565,0.692,0.688,0.800,0.719,0.647,0.548,0.615,0.824,0.677,0.750,0.688,0.739,0.762,0.680,0.667,0.739,0.950,0.750,0.762,0.696,0.739,0.667,0.808,0.778,0.609,0.750,0.680,0.781,0.714,0.794,0.889,0.645,0.769,0.892,0.875,0.781,0.842,0.742,0.781,0.842,0.655,0.667,0.923,0.871,0.769,0.739,0.704,0.788,0.704,0.703
0.727,0.517,0.600,0.571,0.517,0.500,0.733,0.733,0.613,0.706,0.600,0.714,0.655,0.759,0.759,0.500,0.739,0.536,0.536,0.667,0.000,0.000,0.562,0.600,0.611,0.536,0.136,0.000,0.091,0.586,0.536,0.292,0.545,0.429,0.545,0.708,0.760,0.680,0.788,0.607,0.690,0.714,0.593,0.710,0.677,0.655,0.697,0.719,0.609,0.600,0.667,0.522,0.781,0.875,0.719,0.690,0.577,0.714,0.690,0.522,0.522,0.720,0.667,0.500,0.690,0.739,0.710,0.500,0.781,0.800,0.625,0.615,0.667,0.522,0.591,0.676,0.727,0.640,0.690,0.781,0.714,0.522,0.714,0.500,0.600,0.714,0.750,0.619,0.783,0.833,0.619,0.577,0.560,0.640,0.591,0.500,0.593,0.667,0.500,0.667,0.615,0.680,0.667,0.714,0.500,0.593,0.667,0.850,0.800,0.750,0.700,0.697,0.800,0.958,0.727,0.667,0.655,0.926,0.964,0.885,0.885,0.667,0.885,0.885,0.926,0.633,0.875,0.875,0.739,0.640,0.739,0.769,0.640,0.769,0.682,0.636,0.750,0.536,0.647,0.667,0.706,0.710,0.538,0.621,0.567,0.727,0.731,0.586,0.600,0.583,0.517,0.630,0.774,0.643,0.781,0.714,0.667,0.750,0.577,0.792,0.682,0.600,0.567,0.850,0.500,0.522,0.688,0.667,0.586,0.562,0.676,0.667,0.571,0.536,0.571,0.091,0.739,0.700,0.565,0.609,0.739,0.950,0.571,0.700,0.696,0.682,0.609,0.708,0.500,0.545,0.636,0.680,0.700,0.759,0.758,0.710,0.865,0.667,0.719,0.800,0.607,0.667,0.607,0.607,0.743,0.607,0.533,0.880,0.906,0.609,0.739,0.750,0.667,0.750,0.500
0.727,0.517,0.600,0.571,0.517,0.500,0.733,0.733,0.613,0.706,0.600,0.714,0.655,0.759,0.759,0.500,0.739,0.536,0.536,0.667,0.000,0.000,0.562,0.600,0.611,0.536,0.136,0.000,0.091,0.586,0.536,0.292,0.545,0.429,0.545,0.708,0.760,0.680,0.788,0.607,0.690,0.714,0.593,0.710,0.677,0.655,0.697,0.719,0.609,0.600,0.667,0.522,0.781,0.875,0.719,0.690,0.577,0.714,0.690,0.522,0.522,0.720,0.667,0.500,0.690,0.739,0.710,0.500,0.781,0.800,0.625,0.615,0.667,0.522,0.591,0.676,0.727,0.640,0.690,0.781,0.714,0.522,0.714,0.500,0.600,0.714,0.750,0.619,0.783,0.833,0.619,0.577,0.560,0.640,0.591,0.500,0.593,0.667,0.500,0.667,0.615,0.680,0.667,0.714,0.500,0.593,0.667,0.850,0.800,0.750,0.700,0.697,0.800,0.958,0.727,0.667,0.655,0.926,0.964,0.885,0.885,0.667,0.885,0.885,0.926,0.633,0.875,0.875,0.739,0.640,0.739,0.769,0.640,0.769,0.682,0.636,0.750,0.536,0.647,0.667,0.706,0.710,0.538,0.621,0.567,0.727,0.731,0.586,0.600,0.583,0.517,0.630,0.774,0.643,0.781,0.714,0.667,0.750,0.577,0.792,0.682,0.600,0.567,0.850,0.500,0.522,0.688,0.667,0.586,0.562,0.676,0.667,0.571,0.536,0.571,0.091,0.739,0.700,0.565,0.609,0.739,0.950,0.571,0.700,0.696,0.682,0.609,0.708,0.500,0.545,0.636,0.680,0.700,0.759,0.758,0.710,0.865,0.667,0.719,0.800,0.607,0.667,0.607,0.607,0.743,0.607,0.533,0.880,0.906,0.609,0.739,0.750,0.667,0.750,0.500
0.667,0.676,0.719,0.686,0.676,0.667,0.811,0.811,0.600,0.750,0.500,0.765,0.714,0.765,0.765,0.629,0.793,0.484,0.484,0.647,0.562,0.562,0.000,0.545,0.133,0.484,0.576,0.562,0.545,0.657,0.484,0.531,0.200,0.500,0.643,0.767,0.767,0.556,0.757,0.714,0.743,0.786,0.667,0.757,0.657,0.714,0.676,0.795,0.690,0.536,0.722,0.750,0.750,0.935,0.763,0.706,0.656,0.645,0.743,0.750,0.750,0.733,0.722,0.667,0.743,0.793,0.606,0.500,0.750,0.846,0.781,0.688,0.722,0.750,0.679,0.756,0.667,0.571,0.706,0.750,0.645,0.621,0.727,0.700,0.536,0.688,0.615,0.750,0.786,0.719,0.750,0.656,0.600,0.750,0.767,0.600,0.667,0.733,0.700,0.690,0.688,0.781,0.727,0.600,0.700,0.706,0.611,0.885,0.846,0.808,0.784,0.515,0.846,0.967,0.692,0.690,0.714,0.971,0.971,0.906,0.906,0.655,0.906,0.871,0.939,0.673,0.935,0.935,0.793,0.750,0.793,0.690,0.824,0.774,0.750,0.800,0.808,0.618,0.595,0.688,0.750,0.821,0.625,0.562,0.515,0.667,0.818,0.694,0.719,0.621,0.639,0.613,0.778,0.667,0.676,0.765,0.690,0.677,0.697,0.793,0.654,0.667,0.639,0.885,0.655,0.710,0.769,0.727,0.657,0.000,0.300,0.645,0.686,0.484,0.606,0.588,0.793,0.769,0.655,0.690,0.750,0.962,0.714,0.769,0.714,0.704,0.690,0.767,0.742,0.643,0.714,0.556,0.750,0.765,0.795,0.722,0.769,0.643,0.795,0.800,0.714,0.780,0.714,0.636,0.750,0.676,0.387,0.903,0.921,0.593,0.793,0.758,0.647,0.758,0.579
0.743,0.714,0.577,0.727,0.714,0.706,0.750,0.750,0.676,0.757,0.581,0.812,0.719,0.848,0.848,0.370,0.852,0.208,0.208,0.727,0.600,0.600,0.545,0.000,0.595,0.208,0.567,0.600,0.581,0.735,0.208,0.567,0.438,0.654,0.741,0.778,0.821,0.654,0.800,0.758,0.750,0.763,0.750,0.765,0.697,0.719,0.714,0.806,0.692,0.679,0.727,0.714,0.794,0.840,0.771,0.750,0.742,0.643,0.788,0.714,0.714,0.828,0.727,0.769,0.788,0.808,0.600,0.690,0.794,0.917,0.833,0.774,0.727,0.714,0.731,0.825,0.743,0.714,0.750,0.794,0.643,0.667,0.733,0.654,0.679,0.774,0.857,0.808,0.846,0.844,0.760,0.700,0.690,0.714,0.731,0.643,0.824,0.786,0.654,0.692,0.690,0.833,0.733,0.733,0.654,0.710,0.647,0.958,0.917,0.920,0.794,0.594,0.917,0.920,0.750,0.692,0.719,0.931,0.931,0.852,0.852,0.571,0.852,0.808,0.893,0.620,0.840,0.840,0.760,0.800,0.760,0.741,0.615,0.741,0.852,0.769,0.875,0.735,0.588,0.733,0.757,0.895,0.750,0.645,0.548,0.743,0.833,0.735,0.577,0.714,0.714,0.655,0.750,0.750,0.758,0.812,0.640,0.806,0.700,0.808,0.652,0.706,0.714,0.958,0.654,0.615,0.811,0.774,0.735,0.545,0.576,0.733,0.688,0.208,0.688,0.625,0.852,0.833,0.704,0.692,0.808,0.955,0.720,0.880,0.720,0.760,0.692,0.778,0.654,0.741,0.769,0.654,0.758,0.848,0.838,0.765,0.842,0.692,0.806,0.812,0.758,0.647,0.719,0.677,0.757,0.758,0.562,0.889,0.912,0.692,0.852,0.844,0.765,0.844,0.571
0.556,0.675,0.676,0.684,0.675,0.667,0.769,0.769,0.486,0.650,0.375,0.757,0.676,0.757,0.757,0.667,0.742,0.543,0.543,0.529,0.611,0.611,0.133,0.595,0.000,0.543,0.622,0.611,0.595,0.658,0.543,0.583,0.294,0.567,0.645,0.719,0.677,0.613,0.780,0.744,0.703,0.778,0.629,0.718,0.692,0.676,0.707,0.814,0.645,0.594,0.649,0.778,0.744,0.912,0.692,0.703,0.618,0.606,0.737,0.778,0.778,0.688,0.649,0.710,0.737,0.781,0.649,0.562,0.744,0.867,0.771,0.647,0.649,0.778,0.719,0.778,0.700,0.625,0.703,0.744,0.606,0.667,0.722,0.735,0.594,0.686,0.667,0.781,0.733,0.750,0.781,0.694,0.647,0.778,0.794,0.647,0.667,0.727,0.735,0.727,0.686,0.771,0.686,0.647,0.735,0.737,0.615,0.900,0.867,0.833,0.775,0.528,0.867,0.971,0.733,0.727,0.676,0.946,0.974,0.886,0.886,0.655,0.886,0.853,0.917,0.672,0.912,0.912,0.818,0.778,0.818,0.727,0.842,0.800,0.781,0.824,0.833,0.658,0.600,0.722,0.650,0.780,0.667,0.438,0.394,0.556,0.806,0.692,0.676,0.625,0.641,0.618,0.737,0.667,0.676,0.757,0.727,0.636,0.730,0.742,0.700,0.632,0.605,0.900,0.697,0.743,0.762,0.686,0.658,0.133,0.226,0.562,0.718,0.543,0.649,0.632,0.742,0.800,0.656,0.645,0.700,0.967,0.750,0.800,0.667,0.742,0.688,0.719,0.771,0.645,0.750,0.613,0.711,0.757,0.756,0.750,0.667,0.688,0.814,0.821,0.744,0.800,0.711,0.676,0.744,0.639,0.364,0.914,0.902,0.645,0.742,0.750,0.684,0.750,0.585
0.656,0.625,0.667,0.633,0.625,0.613,0.742,0.742,0.667,0.676,0.517,0.806,0.667,0.767,0.767,0.464,0.800,0.000,0.000,0.677,0.536,0.536,0.484,0.208,0.543,0.000,0.500,0.536,0.517,0.688,0.000,0.500,0.419,0.640,0.625,0.720,0.720,0.640,0.794,0.667,0.700,0.722,0.655,0.719,0.645,0.667,0.667,0.800,0.680,0.615,0.633,0.704,0.710,0.880,0.688,0.655,0.643,0.630,0.700,0.704,0.704,0.731,0.633,0.652,0.700,0.696,0.586,0.577,0.710,0.913,0.741,0.679,0.633,0.704,0.609,0.821,0.656,0.654,0.655,0.710,0.630,0.542,0.679,0.583,0.615,0.679,0.760,0.696,0.739,0.800,0.696,0.593,0.630,0.654,0.720,0.520,0.742,0.778,0.583,0.680,0.577,0.741,0.724,0.679,0.583,0.607,0.636,0.909,0.913,0.818,0.788,0.581,0.913,0.960,0.619,0.680,0.667,0.966,0.966,0.889,0.889,0.592,0.889,0.846,0.929,0.640,0.880,0.880,0.750,0.750,0.750,0.731,0.654,0.731,0.750,0.708,0.762,0.645,0.531,0.767,0.676,0.829,0.655,0.586,0.581,0.656,0.741,0.645,0.667,0.600,0.625,0.643,0.818,0.781,0.750,0.806,0.625,0.714,0.593,0.800,0.636,0.697,0.706,0.909,0.583,0.600,0.771,0.767,0.688,0.484,0.467,0.630,0.677,0.000,0.586,0.567,0.800,0.714,0.640,0.680,0.696,0.952,0.708,0.773,0.652,0.750,0.731,0.720,0.640,0.625,0.760,0.640,0.710,0.767,0.765,0.719,0.806,0.680,0.800,0.806,0.667,0.714,0.667,0.621,0.714,0.667,0.500,0.840,0.875,0.680,0.800,0.759,0.677,0.759,0.559
0.697,0.533,0.615,0.586,0.533,0.517,0.655,0.655,0.667,0.750,0.613,0.724,0.667,0.679,0.679,0.464,0.750,0.500,0.500,0.719,0.136,0.136,0.576,0.567,0.622,0.500,0.000,0.136,0.045,0.645,0.500,0.320,0.559,0.522,0.625,0.720,0.769,0.692,0.794,0.621,0.700,0.722,0.655,0.719,0.600,0.667,0.625,0.688,0.625,0.667,0.633,0.542,0.788,0.880,0.688,0.655,0.593,0.679,0.655,0.542,0.542,0.731,0.633,0.524,0.655,0.750,0.677,0.577,0.788,0.864,0.640,0.630,0.633,0.542,0.609,0.647,0.697,0.542,0.655,0.788,0.679,0.542,0.630,0.522,0.667,0.724,0.760,0.636,0.792,0.839,0.696,0.480,0.577,0.542,0.609,0.520,0.607,0.680,0.522,0.565,0.630,0.692,0.577,0.679,0.522,0.607,0.636,0.909,0.864,0.818,0.710,0.706,0.864,0.917,0.682,0.565,0.667,0.929,0.929,0.889,0.889,0.647,0.889,0.800,0.929,0.612,0.880,0.880,0.750,0.600,0.750,0.680,0.542,0.680,0.696,0.652,0.762,0.444,0.576,0.724,0.750,0.758,0.556,0.633,0.581,0.697,0.741,0.600,0.615,0.600,0.533,0.538,0.700,0.607,0.710,0.724,0.680,0.759,0.593,0.800,0.696,0.613,0.581,0.909,0.522,0.542,0.697,0.679,0.645,0.576,0.647,0.679,0.586,0.500,0.586,0.208,0.750,0.714,0.583,0.625,0.750,0.952,0.591,0.773,0.708,0.750,0.680,0.720,0.522,0.625,0.708,0.692,0.710,0.679,0.765,0.719,0.838,0.680,0.688,0.724,0.621,0.676,0.519,0.621,0.676,0.667,0.448,0.840,0.909,0.680,0.750,0.667,0.633,0.667,0.419
0.727,0.517,0.600,0.571,0.517,0.500,0.733,0.733,0.613,0.706,0.600,0.714,0.655,0.759,0.759,0.500,0.739,0.536,0.536,0.667,0.000,0.000,0.562,0.600,0.611,0.536,0.136,0.000,0.091,0.586,0.536,0.292,0.545,0.429,0.545,0.708,0.760,0.680,0.788,0.607,0.690,0.714,0.593,0.710,0.677,0.655,0.697,0.719,0.609,0.600,0.667,0.522,0.781,0.875,0.719,0.690,0.577,0.714,0.690,0.522,0.522,0.720,0.667,0.500,0.690,0.739,0.710,0.500,0.781,0.800,0.625,0.615,0.667,0.522,0.591,0.676,0.727,0.640,0.690,0.781,0.714,0.522,0.714,0.500,0.600,0.714,0.750,0.619,0.783,0.833,0.619,0.577,0.560,0.640,0.591,0.500,0.593,0.667,0.500,0.667,0.615,0.680,0.667,0.714,0.500,0.593,0.667,0.850,0.800,0.750,0.700,0.697,0.800,0.958,0.727,0.667,0.655,0.926,0.964,0.885,0.885,0.667,0.885,0.885,0.926,0.633,0.875,0.875,0.739,0.640,0.739,0.769,0.640,0.769,0.682,0.636,0.750,0.536,0.647,0.667,0.706,0.710,0.538,0.621,0.567,0.727,0.731,0.586,0.600,0.583,0.517,0.630,0.774,0.643,0.781,0.714,0.667,0.750,0.577,0.792,0.682,0.600,0.567,0.850,0.500,0.522,0.688,0.667,0.586,0.562,0.676,0.667,0.571,0.536,0.571,0.091,0.739,0.700,0.565,0.609,0.739,0.950,0.571,0.700,0.696,0.682,0.609,0.708,0.500,0.545,0.636,0.680,0.700,0.759,0.758,0.710,0.865,0.667,0.719,0.800,0.607,0.667,0.607,0.607,0.743,0.607,0.533,0.880,0.906,0.609,0.739,0.750,0.667,0.750,0.500
0.667,0.548,0.630,0.600,0.548,0.533,0.667,0.667,0.636,0.722,0.581,0.733,0.677,0.690,0.690,0.483,0.760,0.517,0.517,0.688,0.091,0.091,0.545,0.581,0.595,0.517,0.045,0.091,0.000,0.613,0.517,0.280,0.529,0.478,0.583,0.731,0.778,0.654,0.765,0.633,0.710,0.730,0.621,0.727,0.613,0.677,0.636,0.697,0.640,0.630,0.645,0.560,0.794,0.885,0.697,0.667,0.607,0.643,0.667,0.560,0.560,0.741,0.645,0.545,0.667,0.760,0.688,0.538,0.794,0.818,0.654,0.643,0.645,0.560,0.625,0.657,0.706,0.560,0.667,0.794,0.643,0.560,0.643,0.542,0.630,0.733,0.769,0.652,0.800,0.844,0.652,0.500,0.593,0.560,0.625,0.538,0.621,0.692,0.542,0.583,0.643,0.704,0.593,0.643,0.542,0.621,0.647,0.864,0.818,0.773,0.719,0.676,0.818,0.920,0.696,0.583,0.677,0.931,0.931,0.893,0.893,0.627,0.893,0.808,0.931,0.592,0.885,0.885,0.760,0.615,0.760,0.692,0.560,0.692,0.708,0.667,0.773,0.464,0.588,0.690,0.722,0.727,0.519,0.600,0.548,0.667,0.750,0.613,0.630,0.615,0.548,0.556,0.710,0.571,0.719,0.733,0.692,0.767,0.607,0.808,0.708,0.625,0.594,0.864,0.542,0.560,0.706,0.690,0.613,0.545,0.657,0.690,0.600,0.517,0.600,0.167,0.760,0.727,0.600,0.640,0.760,0.955,0.609,0.727,0.720,0.708,0.640,0.731,0.542,0.583,0.667,0.654,0.719,0.690,0.771,0.727,0.842,0.692,0.697,0.733,0.633,0.686,0.536,0.633,0.686,0.633,0.467,0.846,0.912,0.640,0.760,0.679,0.645,0.679,0.438
0.771,0.483,0.759,0.586,0.483,0.517,0.700,0.700,0.706,0.750,0.656,0.679,0.710,0.767,0.767,0.697,0.846,0.688,0.688,0.719,0.586,0.586,0.657,0.735,0.658,0.688,0.645,0.586,0.613,0.000,0.688,0.645,0.639,0.522,0.500,0.815,0.720,0.741,0.677,0.571,0.742,0.722,0.500,0.677,0.645,0.710,0.581,0.645,0.731,0.615,0.586,0.704,0.750,0.833,0.645,0.700,0.643,0.679,0.700,0.704,0.704,0.731,0.586,0.652,0.700,0.846,0.719,0.577,0.750,0.864,0.640,0.679,0.586,0.704,0.545,0.722,0.735,0.793,0.700,0.750,0.679,0.542,0.679,0.640,0.615,0.679,0.808,0.750,0.840,0.759,0.750,0.643,0.679,0.750,0.769,0.520,0.607,0.821,0.640,0.778,0.391,0.692,0.806,0.724,0.640,0.700,0.676,0.857,0.864,0.818,0.750,0.625,0.864,0.960,0.792,0.778,0.710,0.889,0.929,0.800,0.800,0.620,0.800,0.800,0.800,0.640,0.833,0.833,0.636,0.600,0.636,0.731,0.750,0.680,0.696,0.760,0.818,0.645,0.576,0.630,0.750,0.586,0.655,0.677,0.667,0.771,0.640,0.552,0.759,0.600,0.483,0.774,0.781,0.700,0.710,0.679,0.731,0.800,0.593,0.889,0.571,0.567,0.581,0.857,0.640,0.704,0.656,0.724,0.000,0.657,0.686,0.577,0.677,0.688,0.217,0.517,0.846,0.773,0.455,0.731,0.800,0.952,0.708,0.773,0.760,0.750,0.565,0.815,0.583,0.500,0.760,0.741,0.667,0.767,0.645,0.633,0.838,0.500,0.645,0.630,0.571,0.714,0.621,0.571,0.714,0.519,0.676,0.964,0.941,0.625,0.846,0.714,0.677,0.714,0.600
0.656,0.625,0.667,0.633,0.625,0.613,0.742,0.742,0.667,0.676,0.517,0.806,0.667,0.767,0.767,0.464,0.800,0.000,0.000,0.677,0.536,0.536,0.484,0.208,0.543,0.000,0.500,0.536,0.517,0.688,0.000,0.500,0.419,0.640,0.625,0.720,0.720,0.640,0.794,0.667,0.700,0.722,0.655,0.719,0.645,0.667,0.667,0.800,0.680,0.615,0.633,0.704,0.710,0.880,0.688,0.655,0.643,0.630,0.700,0.704,0.704,0.731,0.633,0.652,0.700,0.696,0.586,0.577,0.710,0.913,0.741,0.679,0.633,0.704,0.609,0.821,0.656,0.654,0.655,0.710,0.630,0.542,0.679,0.583,0.615,0.679,0.760,0.696,0.739,0.800,0.696,0.593,0.630,0.654,0.720,0.520,0.742,0.778,0.583,0.680,0.577,0.741,0.724,0.679,0.583,0.607,0.636,0.909,0.913,0.818,0.788,0.581,0.913,0.960,0.619,0.680,0.667,0.966,0.966,0.889,0.889,0.592,0.889,0.846,0.929,0.640,0.880,0.880,0.750,0.750,0.750,0.731,0.654,0.731,0.750,0.708,0.762,0.645,0.531,0.767,0.676,0.829,0.655,0.586,0.581,0.656,0.741,0.645,0.667,0.600,0.625,0.643,0.818,0.781,0.750,0.806,0.625,0.714,0.593,0.800,0.636,0.697,0.706,0.909,0.583,0.600,0.771,0.767,0.688,0.484,0.467,0.630,0.677,0.000,0.586,0.567,0.800,0.714,0.640,0.680,0.696,0.952,0.708,0.773,0.652,0.750,0.731,0.720,0.640,0.625,0.760,0.640,0.710,0.767,0.765,0.719,0.806,0.680,0.800,0.806,0.667,0.714,0.667,0.621,0.714,0.667,0.500,0.840,0.875,0.680,0.800,0.759,0.677,0.759,0.559
