26
B.burgdorferi|WI91-23|BBUWI9123_A0022  0.0000000 0.0000010 0.0522724 0.0522724 0.0754835 0.0754835 0.0867637 0.0689073 0.0689073 0.0689073 0.0689073 0.0687359 0.0412544 0.2937427 0.2937427 0.2913826 0.2913826 0.4686839 0.4686839 0.4669882 0.4580317 0.5634969 0.5634969 0.5600804 0.5600804 0.5720867 
B.burgdorferi|B331|BHT49_06870         0.0000010 0.0000000 0.0522724 0.0522724 0.0754835 0.0754835 0.0867637 0.0689073 0.0689073 0.0689073 0.0689073 0.0687359 0.0412544 0.2937427 0.2937427 0.2913826 0.2913826 0.4686839 0.4686839 0.4669882 0.4580317 0.5634969 0.5634969 0.5600804 0.5600804 0.5720867 
B.burgdorferi|64b|BBU64B_A0021         0.0522724 0.0522724 0.0000000 0.0000010 0.0203465 0.0203465 0.0306920 0.0150135 0.0150135 0.0150135 0.0150135 0.0149787 0.0517145 0.3288628 0.3288628 0.3261835 0.3261835 0.5142065 0.5142065 0.5119363 0.5027119 0.6883696 0.6883696 0.6841384 0.6841384 0.6853400 
B.burgdorferi|NIH5|QIA05_00320         0.0522724 0.0522724 0.0000010 0.0000000 0.0203465 0.0203465 0.0306920 0.0150135 0.0150135 0.0150135 0.0150135 0.0149787 0.0517145 0.3288628 0.3288628 0.3261835 0.3261835 0.5142065 0.5142065 0.5119363 0.5027119 0.6883696 0.6883696 0.6841384 0.6841384 0.6853400 
B.burgdorferi|SCW-9|QIA14_04580        0.0754835 0.0754835 0.0203465 0.0203465 0.0000000 0.0000010 0.0099955 0.0360968 0.0360968 0.0360968 0.0360968 0.0360101 0.0746586 0.3418838 0.3418838 0.3390621 0.3390621 0.5327575 0.5327575 0.5302393 0.5208411 0.6954477 0.6954477 0.6911608 0.6911608 0.6935227 
B.burgdorferi|217_5|QIA07_04545        0.0754835 0.0754835 0.0203465 0.0203465 0.0000010 0.0000000 0.0099955 0.0360968 0.0360968 0.0360968 0.0360968 0.0360101 0.0746586 0.3418838 0.3418838 0.3390621 0.3390621 0.5327575 0.5327575 0.5302393 0.5208411 0.6954477 0.6954477 0.6911608 0.6911608 0.6935227 
B.burgdorferi|Z9|QIA16_04480           0.0867637 0.0867637 0.0306920 0.0306920 0.0099955 0.0099955 0.0000000 0.0466725 0.0466725 0.0466725 0.0466725 0.0465595 0.0858135 0.3580326 0.3580326 0.3550715 0.3550715 0.5396838 0.5396838 0.5311418 0.5217239 0.6968782 0.6968782 0.6925748 0.6925748 0.6949329 
B.burgdorferi|NE5267|QIA13_00325       0.0689073 0.0689073 0.0150135 0.0150135 0.0360968 0.0360968 0.0466725 0.0000000 0.0000010 0.0000010 0.0000010 0.0099998 0.0517831 0.3551771 0.3551771 0.3522545 0.3522545 0.5157128 0.5157128 0.5134241 0.5041917 0.6706629 0.6706629 0.6665625 0.6665625 0.6678283 
B.burgdorferi|NE5261|QIA12_00325       0.0689073 0.0689073 0.0150135 0.0150135 0.0360968 0.0360968 0.0466725 0.0000010 0.0000000 0.0000010 0.0000010 0.0099998 0.0517831 0.3551771 0.3551771 0.3522545 0.3522545 0.5157128 0.5157128 0.5134241 0.5041917 0.6706629 0.6706629 0.6665625 0.6665625 0.6678283 
B.burgdorferi|Bol29|QIA09_04580        0.0689073 0.0689073 0.0150135 0.0150135 0.0360968 0.0360968 0.0466725 0.0000010 0.0000010 0.0000000 0.0000010 0.0099998 0.0517831 0.3551771 0.3551771 0.3522545 0.3522545 0.5157128 0.5157128 0.5134241 0.5041917 0.6706629 0.6706629 0.6665625 0.6665625 0.6678283 
B.burgdorferi|NE5248|QIA11_00325       0.0689073 0.0689073 0.0150135 0.0150135 0.0360968 0.0360968 0.0466725 0.0000010 0.0000010 0.0000010 0.0000000 0.0099998 0.0517831 0.3551771 0.3551771 0.3522545 0.3522545 0.5157128 0.5157128 0.5134241 0.5041917 0.6706629 0.6706629 0.6665625 0.6665625 0.6678283 
B.burgdorferi|29805|BBU29805_A23       0.0687359 0.0687359 0.0149787 0.0149787 0.0360101 0.0360101 0.0465595 0.0099998 0.0099998 0.0099998 0.0099998 0.0000000 0.0516577 0.3539610 0.3539610 0.3510581 0.3510581 0.5290465 0.5290465 0.5265851 0.5172484 0.6775810 0.6775810 0.6734005 0.6734005 0.6746503 
B.burgdorferi|N40|BbuN40_A24           0.0412544 0.0412544 0.0517145 0.0517145 0.0746586 0.0746586 0.0858135 0.0517831 0.0517831 0.0517831 0.0517831 0.0516577 0.0000000 0.3550570 0.3550570 0.3521261 0.3521261 0.4963155 0.4963155 0.4942593 0.4850903 0.5911927 0.5911927 0.5876041 0.5876041 0.5997745 
DbpA-pET28a                            0.2937427 0.2937427 0.3288628 0.3288628 0.3418838 0.3418838 0.3580326 0.3551771 0.3551771 0.3551771 0.3551771 0.3539610 0.3550570 0.0000000 0.0200916 0.0000010 0.0000010 0.1221664 0.1221664 0.1252334 0.1053702 0.2906938 0.2906938 0.3191005 0.3191005 0.2800753 
dbpA-pET9a                             0.2937427 0.2937427 0.3288628 0.3288628 0.3418838 0.3418838 0.3580326 0.3551771 0.3551771 0.3551771 0.3551771 0.3539610 0.3550570 0.0200916 0.0000000 0.0000010 0.0000010 0.1221664 0.1221664 0.1252334 0.1053702 0.2906938 0.2906938 0.3191005 0.3191005 0.2800753 
B.burgdorferi|B31|BB_A24               0.2913826 0.2913826 0.3261835 0.3261835 0.3390621 0.3390621 0.3550715 0.3522545 0.3522545 0.3522545 0.3522545 0.3510581 0.3521261 0.0000010 0.0000010 0.0000000 0.0000010 0.1212326 0.1212326 0.1242942 0.1045911 0.2881725 0.2881725 0.3162907 0.3162907 0.2776197 
B.burgdorferi|NIH8|QIA04_00325         0.2913826 0.2913826 0.3261835 0.3261835 0.3390621 0.3390621 0.3550715 0.3522545 0.3522545 0.3522545 0.3522545 0.3510581 0.3521261 0.0000010 0.0000010 0.0000010 0.0000000 0.1212326 0.1212326 0.1242942 0.1045911 0.2881725 0.2881725 0.3162907 0.3162907 0.2776197 
B.burgdorferi|Sh-2-82|QIA15_00310      0.4686839 0.4686839 0.5142065 0.5142065 0.5327575 0.5327575 0.5396838 0.5157128 0.5157128 0.5157128 0.5157128 0.5290465 0.4963155 0.1221664 0.1221664 0.1212326 0.1212326 0.0000000 0.0000010 0.0153560 0.0260217 0.2574270 0.2574270 0.2456162 0.2456162 0.2146298 
B.burgdorferi|80a|QIA08_00435          0.4686839 0.4686839 0.5142065 0.5142065 0.5327575 0.5327575 0.5396838 0.5157128 0.5157128 0.5157128 0.5157128 0.5290465 0.4963155 0.1221664 0.1221664 0.1212326 0.1212326 0.0000010 0.0000000 0.0153560 0.0260217 0.2574270 0.2574270 0.2456162 0.2456162 0.2146298 
B.burgdorferi|156a|Bbu156a_A22         0.4669882 0.4669882 0.5119363 0.5119363 0.5302393 0.5302393 0.5311418 0.5134241 0.5134241 0.5134241 0.5134241 0.5265851 0.4942593 0.1252334 0.1252334 0.1242942 0.1242942 0.0153560 0.0153560 0.0000000 0.0154374 0.2490726 0.2490726 0.2374899 0.2374899 0.2065941 
B.burgdorferi|JD1|BbuJD1_A24           0.4580317 0.4580317 0.5027119 0.5027119 0.5208411 0.5208411 0.5217239 0.5041917 0.5041917 0.5041917 0.5041917 0.5172484 0.4850903 0.1053702 0.1053702 0.1045911 0.1045911 0.0260217 0.0260217 0.0154374 0.0000000 0.2311290 0.2311290 0.2566084 0.2566084 0.2251845 
B.burgdorferi|MM1|BbuMM1_A250          0.5634969 0.5634969 0.6883696 0.6883696 0.6954477 0.6954477 0.6968782 0.6706629 0.6706629 0.6706629 0.6706629 0.6775810 0.5911927 0.2906938 0.2906938 0.2881725 0.2881725 0.2574270 0.2574270 0.2490726 0.2311290 0.0000000 0.0000010 0.0161137 0.0161137 0.1485248 
B.burgdorferi|94a|BBU94A_A23           0.5634969 0.5634969 0.6883696 0.6883696 0.6954477 0.6954477 0.6968782 0.6706629 0.6706629 0.6706629 0.6706629 0.6775810 0.5911927 0.2906938 0.2906938 0.2881725 0.2881725 0.2574270 0.2574270 0.2490726 0.2311290 0.0000010 0.0000000 0.0161137 0.0161137 0.1485248 
B.burgdorferi|72a|BBU72A_A0023         0.5600804 0.5600804 0.6841384 0.6841384 0.6911608 0.6911608 0.6925748 0.6665625 0.6665625 0.6665625 0.6665625 0.6734005 0.5876041 0.3191005 0.3191005 0.3162907 0.3162907 0.2456162 0.2456162 0.2374899 0.2566084 0.0161137 0.0161137 0.0000000 0.0000010 0.1398990 
B.burgdorferi|118a|BBU118A_A22         0.5600804 0.5600804 0.6841384 0.6841384 0.6911608 0.6911608 0.6925748 0.6665625 0.6665625 0.6665625 0.6665625 0.6734005 0.5876041 0.3191005 0.3191005 0.3162907 0.3162907 0.2456162 0.2456162 0.2374899 0.2566084 0.0161137 0.0161137 0.0000010 0.0000000 0.1398990 
B.burgdorferi|CA-11-2A|BBUCA112A_A0022 0.5720867 0.5720867 0.6853400 0.6853400 0.6935227 0.6935227 0.6949329 0.6678283 0.6678283 0.6678283 0.6678283 0.6746503 0.5997745 0.2800753 0.2800753 0.2776197 0.2776197 0.2146298 0.2146298 0.2065941 0.2251845 0.1485248 0.1485248 0.1398990 0.1398990 0.0000000 
