{
 "cells": [
  {
   "cell_type": "code",
   "execution_count": 1,
   "metadata": {},
   "outputs": [
    {
     "data": {
      "text/html": [
       "<div>\n",
       "<style scoped>\n",
       "    .dataframe tbody tr th:only-of-type {\n",
       "        vertical-align: middle;\n",
       "    }\n",
       "\n",
       "    .dataframe tbody tr th {\n",
       "        vertical-align: top;\n",
       "    }\n",
       "\n",
       "    .dataframe thead th {\n",
       "        text-align: right;\n",
       "    }\n",
       "</style>\n",
       "<table border=\"1\" class=\"dataframe\">\n",
       "  <thead>\n",
       "    <tr style=\"text-align: right;\">\n",
       "      <th></th>\n",
       "      <th>seq_1</th>\n",
       "      <th>seq_2</th>\n",
       "      <th>len_gapless</th>\n",
       "      <th>len_variable</th>\n",
       "      <th>diff_gapless</th>\n",
       "      <th>diff_variable</th>\n",
       "      <th>len_aln</th>\n",
       "      <th>identitty</th>\n",
       "      <th>fac_diff</th>\n",
       "      <th>frac_gapless</th>\n",
       "      <th>frac_variable</th>\n",
       "    </tr>\n",
       "  </thead>\n",
       "  <tbody>\n",
       "    <tr>\n",
       "      <th>0</th>\n",
       "      <td>A</td>\n",
       "      <td>B</td>\n",
       "      <td>209</td>\n",
       "      <td>115</td>\n",
       "      <td>40</td>\n",
       "      <td>43</td>\n",
       "      <td>217</td>\n",
       "      <td>80.8612</td>\n",
       "      <td>0.1914</td>\n",
       "      <td>0.1914</td>\n",
       "      <td>0.3739</td>\n",
       "    </tr>\n",
       "    <tr>\n",
       "      <th>1</th>\n",
       "      <td>A</td>\n",
       "      <td>C</td>\n",
       "      <td>209</td>\n",
       "      <td>115</td>\n",
       "      <td>38</td>\n",
       "      <td>40</td>\n",
       "      <td>217</td>\n",
       "      <td>81.8182</td>\n",
       "      <td>0.1818</td>\n",
       "      <td>0.1818</td>\n",
       "      <td>0.3478</td>\n",
       "    </tr>\n",
       "    <tr>\n",
       "      <th>2</th>\n",
       "      <td>A</td>\n",
       "      <td>D</td>\n",
       "      <td>210</td>\n",
       "      <td>115</td>\n",
       "      <td>47</td>\n",
       "      <td>48</td>\n",
       "      <td>217</td>\n",
       "      <td>77.6190</td>\n",
       "      <td>0.2238</td>\n",
       "      <td>0.2238</td>\n",
       "      <td>0.4174</td>\n",
       "    </tr>\n",
       "    <tr>\n",
       "      <th>3</th>\n",
       "      <td>A</td>\n",
       "      <td>E</td>\n",
       "      <td>209</td>\n",
       "      <td>115</td>\n",
       "      <td>55</td>\n",
       "      <td>56</td>\n",
       "      <td>217</td>\n",
       "      <td>73.6842</td>\n",
       "      <td>0.2632</td>\n",
       "      <td>0.2632</td>\n",
       "      <td>0.4870</td>\n",
       "    </tr>\n",
       "    <tr>\n",
       "      <th>4</th>\n",
       "      <td>A</td>\n",
       "      <td>F</td>\n",
       "      <td>208</td>\n",
       "      <td>115</td>\n",
       "      <td>47</td>\n",
       "      <td>50</td>\n",
       "      <td>217</td>\n",
       "      <td>77.4038</td>\n",
       "      <td>0.2260</td>\n",
       "      <td>0.2260</td>\n",
       "      <td>0.4348</td>\n",
       "    </tr>\n",
       "    <tr>\n",
       "      <th>...</th>\n",
       "      <td>...</td>\n",
       "      <td>...</td>\n",
       "      <td>...</td>\n",
       "      <td>...</td>\n",
       "      <td>...</td>\n",
       "      <td>...</td>\n",
       "      <td>...</td>\n",
       "      <td>...</td>\n",
       "      <td>...</td>\n",
       "      <td>...</td>\n",
       "      <td>...</td>\n",
       "    </tr>\n",
       "    <tr>\n",
       "      <th>115</th>\n",
       "      <td>M</td>\n",
       "      <td>T</td>\n",
       "      <td>212</td>\n",
       "      <td>115</td>\n",
       "      <td>46</td>\n",
       "      <td>47</td>\n",
       "      <td>217</td>\n",
       "      <td>78.3019</td>\n",
       "      <td>0.2170</td>\n",
       "      <td>0.2170</td>\n",
       "      <td>0.4087</td>\n",
       "    </tr>\n",
       "    <tr>\n",
       "      <th>116</th>\n",
       "      <td>M</td>\n",
       "      <td>U</td>\n",
       "      <td>210</td>\n",
       "      <td>115</td>\n",
       "      <td>44</td>\n",
       "      <td>49</td>\n",
       "      <td>217</td>\n",
       "      <td>79.0476</td>\n",
       "      <td>0.2095</td>\n",
       "      <td>0.2095</td>\n",
       "      <td>0.4261</td>\n",
       "    </tr>\n",
       "    <tr>\n",
       "      <th>117</th>\n",
       "      <td>N</td>\n",
       "      <td>T</td>\n",
       "      <td>211</td>\n",
       "      <td>115</td>\n",
       "      <td>54</td>\n",
       "      <td>56</td>\n",
       "      <td>217</td>\n",
       "      <td>74.4076</td>\n",
       "      <td>0.2559</td>\n",
       "      <td>0.2559</td>\n",
       "      <td>0.4870</td>\n",
       "    </tr>\n",
       "    <tr>\n",
       "      <th>118</th>\n",
       "      <td>N</td>\n",
       "      <td>U</td>\n",
       "      <td>209</td>\n",
       "      <td>115</td>\n",
       "      <td>52</td>\n",
       "      <td>58</td>\n",
       "      <td>217</td>\n",
       "      <td>75.1196</td>\n",
       "      <td>0.2488</td>\n",
       "      <td>0.2488</td>\n",
       "      <td>0.5043</td>\n",
       "    </tr>\n",
       "    <tr>\n",
       "      <th>119</th>\n",
       "      <td>T</td>\n",
       "      <td>U</td>\n",
       "      <td>210</td>\n",
       "      <td>115</td>\n",
       "      <td>52</td>\n",
       "      <td>58</td>\n",
       "      <td>217</td>\n",
       "      <td>75.2381</td>\n",
       "      <td>0.2476</td>\n",
       "      <td>0.2476</td>\n",
       "      <td>0.5043</td>\n",
       "    </tr>\n",
       "  </tbody>\n",
       "</table>\n",
       "<p>120 rows × 11 columns</p>\n",
       "</div>"
      ],
      "text/plain": [
       "    seq_1 seq_2  len_gapless  len_variable  diff_gapless  diff_variable  \\\n",
       "0       A     B          209           115            40             43   \n",
       "1       A     C          209           115            38             40   \n",
       "2       A     D          210           115            47             48   \n",
       "3       A     E          209           115            55             56   \n",
       "4       A     F          208           115            47             50   \n",
       "..    ...   ...          ...           ...           ...            ...   \n",
       "115     M     T          212           115            46             47   \n",
       "116     M     U          210           115            44             49   \n",
       "117     N     T          211           115            54             56   \n",
       "118     N     U          209           115            52             58   \n",
       "119     T     U          210           115            52             58   \n",
       "\n",
       "     len_aln  identitty  fac_diff  frac_gapless  frac_variable  \n",
       "0        217    80.8612    0.1914        0.1914         0.3739  \n",
       "1        217    81.8182    0.1818        0.1818         0.3478  \n",
       "2        217    77.6190    0.2238        0.2238         0.4174  \n",
       "3        217    73.6842    0.2632        0.2632         0.4870  \n",
       "4        217    77.4038    0.2260        0.2260         0.4348  \n",
       "..       ...        ...       ...           ...            ...  \n",
       "115      217    78.3019    0.2170        0.2170         0.4087  \n",
       "116      217    79.0476    0.2095        0.2095         0.4261  \n",
       "117      217    74.4076    0.2559        0.2559         0.4870  \n",
       "118      217    75.1196    0.2488        0.2488         0.5043  \n",
       "119      217    75.2381    0.2476        0.2476         0.5043  \n",
       "\n",
       "[120 rows x 11 columns]"
      ]
     },
     "execution_count": 1,
     "metadata": {},
     "output_type": "execute_result"
    }
   ],
   "source": [
    "import pandas as pd\n",
    "\n",
    "#pd.read_csv()  is for csv like excel like files\n",
    "#pd.read_table() is for text files and then you can directly read the data in\n",
    "df = pd.DataFrame(pd.read_table('ospC-NE.diff'))\n",
    "df\n",
    "#converter = pd.read_csv('ospC-NE.diff')\n",
    "\n",
    "#converter"
   ]
  },
  {
   "cell_type": "code",
   "execution_count": 2,
   "metadata": {},
   "outputs": [
    {
     "data": {
      "text/plain": [
       "'\\nimport numpy as np \\n\\n\\nfor index, row in df.iterrows():\\n    #print(\"index :\", index)\\n    #print(\"row value : \", row)\\n    print(\"row A :\" , row[0])\\n    print(\"ordinate : \",  row[0].lower())\\n    print(\"new orifnate : \", ord(row[0].lower())%32)\\n    print(\"row A :\" , row[1])\\n    print(\"ordinate : \",  row[1].lower())\\n    print(\"new orifnate : \", ord(row[1].lower())%32)\\n    #print(type(row[0]))\\n    #print(\"row B : \", row[1])\\n    #print(\"fracVar : \", row[10])\\n\\n'"
      ]
     },
     "execution_count": 2,
     "metadata": {},
     "output_type": "execute_result"
    }
   ],
   "source": [
    "'''\n",
    "import numpy as np \n",
    "\n",
    "\n",
    "for index, row in df.iterrows():\n",
    "    #print(\"index :\", index)\n",
    "    #print(\"row value : \", row)\n",
    "    print(\"row A :\" , row[0])\n",
    "    print(\"ordinate : \",  row[0].lower())\n",
    "    print(\"new orifnate : \", ord(row[0].lower())%32)\n",
    "    print(\"row A :\" , row[1])\n",
    "    print(\"ordinate : \",  row[1].lower())\n",
    "    print(\"new orifnate : \", ord(row[1].lower())%32)\n",
    "    #print(type(row[0]))\n",
    "    #print(\"row B : \", row[1])\n",
    "    #print(\"fracVar : \", row[10])\n",
    "\n",
    "'''"
   ]
  },
  {
   "cell_type": "code",
   "execution_count": 3,
   "metadata": {},
   "outputs": [
    {
     "name": "stdout",
     "output_type": "stream",
     "text": [
      "[[1.     0.3739 0.3478 0.4174 0.487  0.4348 0.487  0.4522 0.3913 0.4348\n",
      "  0.4    0.487  0.4087 0.5043 0.4696 0.3913]\n",
      " [0.3739 1.     0.3304 0.4435 0.5391 0.4522 0.5652 0.4957 0.4    0.4957\n",
      "  0.4087 0.513  0.513  0.4609 0.5565 0.513 ]\n",
      " [0.3478 0.3304 1.     0.5043 0.4783 0.4261 0.5565 0.4174 0.2957 0.4\n",
      "  0.3739 0.4609 0.4348 0.4609 0.4696 0.4348]\n",
      " [0.4174 0.4435 0.5043 1.     0.5217 0.4435 0.4696 0.4609 0.4    0.4609\n",
      "  0.4435 0.487  0.4609 0.5217 0.4261 0.5043]\n",
      " [0.487  0.5391 0.4783 0.5217 1.     0.487  0.5391 0.4696 0.4957 0.4435\n",
      "  0.4174 0.5826 0.4348 0.487  0.4609 0.4696]\n",
      " [0.4348 0.4522 0.4261 0.4435 0.487  1.     0.487  0.3565 0.4783 0.3826\n",
      "  0.4261 0.4696 0.4174 0.4957 0.3739 0.4783]\n",
      " [0.487  0.5652 0.5565 0.4696 0.5391 0.487  1.     0.5217 0.5826 0.5304\n",
      "  0.5304 0.5391 0.4609 0.4348 0.4609 0.5565]\n",
      " [0.4522 0.4957 0.4174 0.4609 0.4696 0.3565 0.5217 1.     0.4696 0.2609\n",
      "  0.4609 0.3565 0.4783 0.5391 0.3913 0.4783]\n",
      " [0.3913 0.4    0.2957 0.4    0.4957 0.4783 0.5826 0.4696 1.     0.4609\n",
      "  0.4174 0.4696 0.4609 0.5391 0.5043 0.513 ]\n",
      " [0.4348 0.4957 0.4    0.4609 0.4435 0.3826 0.5304 0.2609 0.4609 1.\n",
      "  0.3826 0.4261 0.4348 0.5391 0.4696 0.4522]\n",
      " [0.4    0.4087 0.3739 0.4435 0.4174 0.4261 0.5304 0.4609 0.4174 0.3826\n",
      "  1.     0.5304 0.4261 0.4348 0.4348 0.4087]\n",
      " [0.487  0.513  0.4609 0.487  0.5826 0.4696 0.5391 0.3565 0.4696 0.4261\n",
      "  0.5304 1.     0.5739 0.5913 0.4783 0.5391]\n",
      " [0.4087 0.513  0.4348 0.4609 0.4348 0.4174 0.4609 0.4783 0.4609 0.4348\n",
      "  0.4261 0.5739 1.     0.4435 0.4087 0.4261]\n",
      " [0.5043 0.4609 0.4609 0.5217 0.487  0.4957 0.4348 0.5391 0.5391 0.5391\n",
      "  0.4348 0.5913 0.4435 1.     0.487  0.5043]\n",
      " [0.4696 0.5565 0.4696 0.4261 0.4609 0.3739 0.4609 0.3913 0.5043 0.4696\n",
      "  0.4348 0.4783 0.4087 0.487  1.     0.5043]\n",
      " [0.3913 0.513  0.4348 0.5043 0.4696 0.4783 0.5565 0.4783 0.513  0.4522\n",
      "  0.4087 0.5391 0.4261 0.5043 0.5043 1.    ]]\n"
     ]
    }
   ],
   "source": [
    "from scipy import sparse\n",
    "import numpy as np\n",
    "def create_dict(df):  ####this could be so much more effient... screw it... going to go with it. \n",
    "    translator =  {}\n",
    "    counter = 0\n",
    "    for index, row in df.iterrows():\n",
    "        if row[0] not in translator.keys():\n",
    "            translator[row[0]]=counter\n",
    "            counter+=1\n",
    "        else:\n",
    "            continue\n",
    "    \n",
    "    translator['U']=counter\n",
    "    return translator\n",
    "translator = create_dict(df)\n",
    "#print(len(translator))\n",
    "        \n",
    "def adjacency_matrix(df, translator):\n",
    "       \n",
    "        dicter = {}\n",
    "        row = []\n",
    "        col = []\n",
    "        data = []\n",
    "\n",
    "        for index, val in df.iterrows():\n",
    "            row.append(translator[val[0]])  #best I have for now. I dont like doing it this way\n",
    "            col.append(translator[val[1]])\n",
    "            data.append(val[10])\n",
    "            dicter[translator[val[0]],translator[val[1]]]=val[10]\n",
    "            ## the data is actually nxn .. hence it is a square matrix nxn.. so this\n",
    "            ## makes the adjacnecy matrix bidirectional\n",
    "            row.append(translator[val[1]])\n",
    "            col.append(translator[val[0]])\n",
    "            data.append(val[10])\n",
    "            dicter[translator[val[1]],translator[val[0]]]=val[10]\n",
    "\n",
    "\n",
    "\n",
    "        shape = (len(row), len(col))\n",
    "        #A = sparse.coo_matrix((data, (row, col)), shape=shape)\n",
    "\n",
    "        return A, row, col, data, dicter\n",
    "    \n",
    "\n",
    "\n",
    "\n",
    "adjac, row, col, data, dicter = adjacency_matrix(df, translator)\n",
    "\n",
    "def create_numpy_matrix(translator, dicter):\n",
    "    a_shape = (len(translator),len(translator))\n",
    "    a= np.zeros(a_shape)\n",
    "    for i,j in dicter:\n",
    "          a[i,j]=dicter[i,j]\n",
    "          a[i,i]=1\n",
    "    \n",
    "    return a\n",
    "numpy_matrix_form = create_numpy_matrix(translator, dicter)\n",
    "print(numpy_matrix_form)\n",
    "\n"
   ]
  },
  {
   "cell_type": "code",
   "execution_count": 13,
   "metadata": {},
   "outputs": [
    {
     "name": "stdout",
     "output_type": "stream",
     "text": [
      "THIS IS FOR FRACTIONAL VARIABILITY FEATURE :::\n",
      " The eigenvalues are : \n",
      " [4.62001664 0.54665329 0.58903494 0.64382797 0.88731551 0.87511851\n",
      " 0.71488272 0.7301235  0.84841829 0.74162582 0.83421254 0.82452256\n",
      " 0.80496747 0.79822066 0.76636671 0.77469286]\n",
      " The eigenvectors are : \n",
      " [[-0.23497941  0.23059668 -0.13076704  0.09395629 -0.00825988  0.0377304\n",
      "  -0.08792693 -0.44961491 -0.54452417 -0.02970266 -0.4689886   0.14867285\n",
      "   0.13768683 -0.30490958 -0.05032501 -0.02006649]\n",
      " [-0.25352855  0.37206908 -0.20863193  0.22021435 -0.21703868 -0.23389282\n",
      "   0.25678665  0.1349727   0.41522995 -0.21999324 -0.05620256 -0.21515036\n",
      "  -0.02346332 -0.44879702  0.17877244  0.12291202]\n",
      " [-0.23397745  0.27877428 -0.31117075 -0.09266264  0.36407685  0.53510306\n",
      "   0.1176993   0.04466171  0.29359469 -0.11587124  0.0431333   0.23027561\n",
      "   0.14110582  0.11297822 -0.29361127 -0.23237252]\n",
      " [-0.25372168 -0.01952562  0.06737302  0.43807541  0.22079723  0.321597\n",
      "  -0.45443089  0.08656942  0.06679288  0.10669989  0.01137378  0.1109456\n",
      "  -0.24532555  0.02643707  0.46420835  0.2606909 ]\n",
      " [-0.26386351  0.0178455   0.23209746 -0.45953704  0.06384196  0.10130192\n",
      "  -0.13495362  0.41449999 -0.11184205  0.40249486  0.07489102 -0.04679767\n",
      "   0.08508804 -0.51842169 -0.02173699 -0.04324935]\n",
      " [-0.23761652 -0.21157319 -0.02256375  0.00104696  0.03023013  0.10817793\n",
      "  -0.02328088  0.0344861  -0.38852338 -0.6250487   0.53662197 -0.17019675\n",
      "  -0.00388052 -0.14934466 -0.0416818   0.03598219]\n",
      " [-0.27229137 -0.14683712  0.47209602  0.40059849  0.02883009 -0.08984768\n",
      "   0.15258262 -0.175555    0.13516528  0.1178613   0.15532146  0.04371133\n",
      "   0.47957092 -0.0128386   0.05188034 -0.40852985]\n",
      " [-0.24140586 -0.43948832 -0.21586291 -0.16003741  0.48877224 -0.48524588\n",
      "   0.10721315  0.0116299   0.09993506 -0.09622221 -0.15860287  0.31907766\n",
      "  -0.12354742 -0.06986201  0.14425635 -0.05663011]\n",
      " [-0.25147035  0.26378561 -0.33755807  0.13355293 -0.23205066 -0.40310024\n",
      "  -0.33416155  0.26703507 -0.19334898  0.18152423  0.25707998  0.17117106\n",
      "   0.00558842  0.29305381 -0.11586006 -0.26651296]\n",
      " [-0.24048498 -0.27887479 -0.20118496 -0.29805981 -0.53953319  0.28731448\n",
      "   0.12524588 -0.05587216  0.03501012 -0.01655737 -0.11447618  0.074255\n",
      "   0.00984603  0.15847427  0.48154534 -0.2557567 ]\n",
      " [-0.23754581  0.20234972  0.0514788  -0.23723827  0.22141079 -0.11915037\n",
      "   0.04725722  0.10154416 -0.1063504  -0.06029991 -0.1472459  -0.34847446\n",
      "   0.46889628  0.45810611  0.24134752  0.34913415]\n",
      " [-0.27318876 -0.3807433  -0.32584212  0.27391505 -0.00250128  0.11948964\n",
      "   0.26633491 -0.00229441 -0.09427343  0.42074994 -0.03395013 -0.43274082\n",
      "  -0.09943996  0.05428181 -0.3196456   0.15694892]\n",
      " [-0.24179499  0.07866423  0.20738943 -0.18300311  0.09001585 -0.07926084\n",
      "  -0.32113957 -0.24707328  0.18521324 -0.124432   -0.1772125  -0.49991671\n",
      "  -0.40958234  0.11594666 -0.1195905  -0.39201297]\n",
      " [-0.26476091  0.21508809  0.41235788  0.04373815 -0.04838524  0.01294687\n",
      "   0.51016997  0.21319341 -0.24143326 -0.03477734 -0.09266239  0.23811957\n",
      "  -0.46631283  0.23442476 -0.06223169  0.04889791]\n",
      " [-0.2460349  -0.26649633  0.18930954  0.00753015 -0.33597213 -0.00178683\n",
      "  -0.29732026  0.15976977  0.24383444 -0.25874254 -0.30609506  0.21508767\n",
      "   0.15525904  0.05866523 -0.45927518  0.31765555]\n",
      " [-0.24830641  0.11732228  0.04500059 -0.26733418 -0.09751749 -0.0929669\n",
      "   0.01081427 -0.5911147   0.19454059  0.22921488  0.44309823  0.18708282\n",
      "  -0.09326384  0.01988532 -0.05709409  0.38642712]]\n"
     ]
    }
   ],
   "source": [
    "import numpy as np\n",
    "\n",
    "\n",
    "eigenvalues, eigenvectors = np.linalg.eig(numpy_matrix_form)\n",
    "sorted_eigenvalues = sorted(eigenvalues)\n",
    "eigenvalues_spacing = []\n",
    "for i in range(len(eigenvalues)-1):\n",
    "    eigenvalues_spacing.append(abs(eigenvalues[i]-eigenvalues[i+1]))\n",
    "\n",
    "print(\"THIS IS FOR FRACTIONAL VARIABILITY FEATURE :::\")\n",
    "print(\" The eigenvalues are : \\n\", eigenvalues)\n",
    "print(\" The eigenvectors are : \\n\", eigenvectors)\n",
    "print(\"The sorted eigenvalues are: \\n\", sorted_eigenvalues)\n",
    "print(\"The spacings between each eigenvalue are: \\n\", eigenvalues_spacing)\n",
    "\n",
    "\n",
    "\n",
    "\n"
   ]
  },
  {
   "cell_type": "code",
   "execution_count": 10,
   "metadata": {},
   "outputs": [
    {
     "name": "stdout",
     "output_type": "stream",
     "text": [
      "[[1.     0.1914 0.1818 0.2238 0.2632 0.226  0.25   0.2392 0.2057 0.2333\n",
      "  0.2143 0.2584 0.2057 0.2548 0.2429 0.1914]\n",
      " [0.1914 1.     0.1762 0.2333 0.2788 0.2308 0.2885 0.2667 0.2143 0.2619\n",
      "  0.2143 0.2762 0.2584 0.2344 0.2857 0.2536]\n",
      " [0.1818 0.1762 1.     0.2714 0.25   0.2212 0.2885 0.2286 0.1619 0.2143\n",
      "  0.2    0.2524 0.2201 0.2392 0.2429 0.2153]\n",
      " [0.2238 0.2333 0.2714 1.     0.2775 0.2344 0.2356 0.2476 0.2143 0.2512\n",
      "  0.2417 0.2619 0.2381 0.2679 0.2227 0.2571]\n",
      " [0.2632 0.2788 0.25   0.2775 1.     0.2596 0.2837 0.2452 0.2596 0.2344\n",
      "  0.2201 0.3077 0.2249 0.25   0.2344 0.2392]\n",
      " [0.226  0.2308 0.2212 0.2344 0.2596 1.     0.2464 0.1827 0.25   0.201\n",
      "  0.2249 0.2452 0.2153 0.2548 0.1866 0.244 ]\n",
      " [0.25   0.2885 0.2885 0.2356 0.2837 0.2464 1.     0.2692 0.3029 0.2692\n",
      "  0.2692 0.2788 0.2429 0.2333 0.2381 0.274 ]\n",
      " [0.2392 0.2667 0.2286 0.2476 0.2452 0.1827 0.2692 1.     0.2571 0.1381\n",
      "  0.2476 0.1952 0.244  0.2823 0.2    0.2392]\n",
      " [0.2057 0.2143 0.1619 0.2143 0.2596 0.25   0.3029 0.2571 1.     0.2476\n",
      "  0.2238 0.2571 0.2344 0.2823 0.2619 0.2584]\n",
      " [0.2333 0.2619 0.2143 0.2512 0.2344 0.201  0.2692 0.1381 0.2476 1.\n",
      "  0.2085 0.2286 0.2238 0.2775 0.2464 0.2286]\n",
      " [0.2143 0.2143 0.2    0.2417 0.2201 0.2249 0.2692 0.2476 0.2238 0.2085\n",
      "  1.     0.2857 0.219  0.2201 0.2275 0.2048]\n",
      " [0.2584 0.2762 0.2524 0.2619 0.3077 0.2452 0.2788 0.1952 0.2571 0.2286\n",
      "  0.2857 1.     0.2967 0.311  0.2476 0.2727]\n",
      " [0.2057 0.2584 0.2201 0.2381 0.2249 0.2153 0.2429 0.244  0.2344 0.2238\n",
      "  0.219  0.2967 1.     0.237  0.217  0.2095]\n",
      " [0.2548 0.2344 0.2392 0.2679 0.25   0.2548 0.2333 0.2823 0.2823 0.2775\n",
      "  0.2201 0.311  0.237  1.     0.2559 0.2488]\n",
      " [0.2429 0.2857 0.2429 0.2227 0.2344 0.1866 0.2381 0.2    0.2619 0.2464\n",
      "  0.2275 0.2476 0.217  0.2559 1.     0.2476]\n",
      " [0.1914 0.2536 0.2153 0.2571 0.2392 0.244  0.274  0.2392 0.2584 0.2286\n",
      "  0.2048 0.2727 0.2095 0.2488 0.2476 1.    ]]\n"
     ]
    }
   ],
   "source": [
    "\n",
    "def create_dict(df): \n",
    "    translator =  {}\n",
    "    counter = 0\n",
    "    for index, row in df.iterrows():\n",
    "        if row[0] not in translator.keys():\n",
    "            translator[row[0]]=counter\n",
    "            counter+=1\n",
    "        else:\n",
    "            continue\n",
    "    \n",
    "    translator['U']=counter\n",
    "    return translator\n",
    "translator = create_dict(df)\n",
    "\n",
    "        \n",
    "def adjacency_matrix(df, translator):\n",
    "       \n",
    "        dicter = {}\n",
    "\n",
    "        for index, val in df.iterrows():\n",
    "          \n",
    "            dicter[translator[val[0]],translator[val[1]]]=val[9]\n",
    "            dicter[translator[val[1]],translator[val[0]]]=val[9]\n",
    "\n",
    "        shape = (len(row), len(col))\n",
    "        \n",
    "        return  dicter\n",
    "\n",
    "dicter = adjacency_matrix(df, translator)\n",
    "\n",
    "def create_numpy_matrix(translator, dicter):\n",
    "    a_shape = (len(translator),len(translator))\n",
    "    a= np.zeros(a_shape)\n",
    "    for i,j in dicter:\n",
    "          a[i,j]=dicter[i,j]\n",
    "      \n",
    "          a[i,i]=1\n",
    "    \n",
    "    return a\n",
    "numpy_matrix_form = create_numpy_matrix(translator, dicter)\n",
    "print(numpy_matrix_form)\n",
    "\n"
   ]
  },
  {
   "cell_type": "code",
   "execution_count": 11,
   "metadata": {},
   "outputs": [
    {
     "name": "stdout",
     "output_type": "stream",
     "text": [
      " The eigenvalues are : \n",
      " [4.62001664 0.54665329 0.58903494 0.64382797 0.88731551 0.87511851\n",
      " 0.71488272 0.7301235  0.84841829 0.74162582 0.83421254 0.82452256\n",
      " 0.80496747 0.79822066 0.76636671 0.77469286]\n",
      " The eigenvectors are : \n",
      " [[-0.23497941  0.23059668 -0.13076704  0.09395629 -0.00825988  0.0377304\n",
      "  -0.08792693 -0.44961491 -0.54452417 -0.02970266 -0.4689886   0.14867285\n",
      "   0.13768683 -0.30490958 -0.05032501 -0.02006649]\n",
      " [-0.25352855  0.37206908 -0.20863193  0.22021435 -0.21703868 -0.23389282\n",
      "   0.25678665  0.1349727   0.41522995 -0.21999324 -0.05620256 -0.21515036\n",
      "  -0.02346332 -0.44879702  0.17877244  0.12291202]\n",
      " [-0.23397745  0.27877428 -0.31117075 -0.09266264  0.36407685  0.53510306\n",
      "   0.1176993   0.04466171  0.29359469 -0.11587124  0.0431333   0.23027561\n",
      "   0.14110582  0.11297822 -0.29361127 -0.23237252]\n",
      " [-0.25372168 -0.01952562  0.06737302  0.43807541  0.22079723  0.321597\n",
      "  -0.45443089  0.08656942  0.06679288  0.10669989  0.01137378  0.1109456\n",
      "  -0.24532555  0.02643707  0.46420835  0.2606909 ]\n",
      " [-0.26386351  0.0178455   0.23209746 -0.45953704  0.06384196  0.10130192\n",
      "  -0.13495362  0.41449999 -0.11184205  0.40249486  0.07489102 -0.04679767\n",
      "   0.08508804 -0.51842169 -0.02173699 -0.04324935]\n",
      " [-0.23761652 -0.21157319 -0.02256375  0.00104696  0.03023013  0.10817793\n",
      "  -0.02328088  0.0344861  -0.38852338 -0.6250487   0.53662197 -0.17019675\n",
      "  -0.00388052 -0.14934466 -0.0416818   0.03598219]\n",
      " [-0.27229137 -0.14683712  0.47209602  0.40059849  0.02883009 -0.08984768\n",
      "   0.15258262 -0.175555    0.13516528  0.1178613   0.15532146  0.04371133\n",
      "   0.47957092 -0.0128386   0.05188034 -0.40852985]\n",
      " [-0.24140586 -0.43948832 -0.21586291 -0.16003741  0.48877224 -0.48524588\n",
      "   0.10721315  0.0116299   0.09993506 -0.09622221 -0.15860287  0.31907766\n",
      "  -0.12354742 -0.06986201  0.14425635 -0.05663011]\n",
      " [-0.25147035  0.26378561 -0.33755807  0.13355293 -0.23205066 -0.40310024\n",
      "  -0.33416155  0.26703507 -0.19334898  0.18152423  0.25707998  0.17117106\n",
      "   0.00558842  0.29305381 -0.11586006 -0.26651296]\n",
      " [-0.24048498 -0.27887479 -0.20118496 -0.29805981 -0.53953319  0.28731448\n",
      "   0.12524588 -0.05587216  0.03501012 -0.01655737 -0.11447618  0.074255\n",
      "   0.00984603  0.15847427  0.48154534 -0.2557567 ]\n",
      " [-0.23754581  0.20234972  0.0514788  -0.23723827  0.22141079 -0.11915037\n",
      "   0.04725722  0.10154416 -0.1063504  -0.06029991 -0.1472459  -0.34847446\n",
      "   0.46889628  0.45810611  0.24134752  0.34913415]\n",
      " [-0.27318876 -0.3807433  -0.32584212  0.27391505 -0.00250128  0.11948964\n",
      "   0.26633491 -0.00229441 -0.09427343  0.42074994 -0.03395013 -0.43274082\n",
      "  -0.09943996  0.05428181 -0.3196456   0.15694892]\n",
      " [-0.24179499  0.07866423  0.20738943 -0.18300311  0.09001585 -0.07926084\n",
      "  -0.32113957 -0.24707328  0.18521324 -0.124432   -0.1772125  -0.49991671\n",
      "  -0.40958234  0.11594666 -0.1195905  -0.39201297]\n",
      " [-0.26476091  0.21508809  0.41235788  0.04373815 -0.04838524  0.01294687\n",
      "   0.51016997  0.21319341 -0.24143326 -0.03477734 -0.09266239  0.23811957\n",
      "  -0.46631283  0.23442476 -0.06223169  0.04889791]\n",
      " [-0.2460349  -0.26649633  0.18930954  0.00753015 -0.33597213 -0.00178683\n",
      "  -0.29732026  0.15976977  0.24383444 -0.25874254 -0.30609506  0.21508767\n",
      "   0.15525904  0.05866523 -0.45927518  0.31765555]\n",
      " [-0.24830641  0.11732228  0.04500059 -0.26733418 -0.09751749 -0.0929669\n",
      "   0.01081427 -0.5911147   0.19454059  0.22921488  0.44309823  0.18708282\n",
      "  -0.09326384  0.01988532 -0.05709409  0.38642712]]\n"
     ]
    }
   ],
   "source": [
    "eigenvalues, eigenvectors = np.linalg.eig(numpy_matrix_form)\n",
    "sorted_eigenvalues = sorted(eigenvalues)\n",
    "eigenvalues_spacing = []\n",
    "for i in range(len(eigenvalues)-1):\n",
    "    eigenvalues_spacing.append(abs(eigenvalues[i]-eigenvalues[i+1]))\n",
    "\n",
    "print(\"THIS IS FOR FRACTIONAL GAPLESS FEATURE:::\")\n",
    "print(\" The eigenvalues are : \\n\", eigenvalues)\n",
    "print(\" The eigenvectors are : \\n\", eigenvectors)\n",
    "print(\"The sorted eigenvalues are: \\n\", sorted_eigenvalues)\n",
    "print(\"The spacings between each eigenvalue are: \\n\", eigenvalues_spacing)"
   ]
  },
  {
   "cell_type": "code",
   "execution_count": null,
   "metadata": {},
   "outputs": [],
   "source": [
    "'''\n",
    "I fixed the negative eigenvalues by making the diagonal values equal to 1.\n",
    "Now the eigenvalues are positive.\n",
    "In one of the random matrix theory papers I read they mentioned how finding \n",
    "appropriates values for the diagonal is the key for stabilizing the matrix. This logic\n",
    "combined with the simple maths of how eigenvalues are calculated made the 1 on\n",
    "the diagonal seem plausible. \n",
    "What should be noted is that it says all sequences with A<->A , B<->B, C<->C,...,U<->U  \n",
    "has a fractional variablility of 1. This could be incorrect based on what the \n",
    "fractional variablitiy feature actually means for the seuqences. \n",
    "\n",
    "As for why the first eigenvalue is so much larger than the rest. I still do not have\n",
    "much understanding of this. But after doing some reading it says that real symmetric\n",
    "matrices with random values as entries have exactly one large eigenvalue.\n",
    "\n",
    "If you look at the code below then it can be verified that the matrix is symmetric. \n",
    "It can also be verified that the matrix does have random values. Therefore, \n",
    "making the leading eigenvector much larger than the rest.\n",
    "'''"
   ]
  },
  {
   "cell_type": "code",
   "execution_count": 12,
   "metadata": {},
   "outputs": [
    {
     "name": "stdout",
     "output_type": "stream",
     "text": [
      "Input matrix is a Symmetric matrix\n"
     ]
    }
   ],
   "source": [
    "\n",
    "def transposeMatrix(inputMatrix, t, rows):\n",
    "  \n",
    "      for p in range(rows):\n",
    "        \n",
    "         for q in range(rows):\n",
    "         \n",
    "               t[p][q] = inputMatrix[q][p]\n",
    "\n",
    "def checkingSymmetric(inputMatrix, rows):\n",
    "   \n",
    "      t = [[0 for q in range(len(inputMatrix[0]))]\n",
    "         for p in range(len(inputMatrix))]\n",
    "     \n",
    "      transposeMatrix(inputMatrix, t, rows)\n",
    "  \n",
    "      for p in range(rows):\n",
    "       \n",
    "         for q in range(rows):\n",
    "          \n",
    "               if (inputMatrix[p][q] != t[p][q]):\n",
    "               \n",
    "                  return False\n",
    "\n",
    "      return True\n",
    "\n",
    "inputMatrix = [[6, 3, 5], [3, 2, 4], [5, 4, 6]]\n",
    "\n",
    "if (checkingSymmetric(numpy_matrix_form, 16)):\n",
    "   print(\"Input matrix is a Symmetric matrix\")\n",
    "else:\n",
    "   print(\"Input matrix is NOT a Symmetric matrix\")"
   ]
  }
 ],
 "metadata": {
  "kernelspec": {
   "display_name": "Python 3",
   "language": "python",
   "name": "python3"
  },
  "language_info": {
   "codemirror_mode": {
    "name": "ipython",
    "version": 3
   },
   "file_extension": ".py",
   "mimetype": "text/x-python",
   "name": "python",
   "nbconvert_exporter": "python",
   "pygments_lexer": "ipython3",
   "version": "3.9.2"
  },
  "orig_nbformat": 4,
  "vscode": {
   "interpreter": {
    "hash": "916dbcbb3f70747c44a77c7bcd40155683ae19c65e1c03b4aa3499c5328201f1"
   }
  }
 },
 "nbformat": 4,
 "nbformat_minor": 2
}
