{
 "cells": [
  {
   "cell_type": "code",
   "execution_count": 9,
   "metadata": {},
   "outputs": [
    {
     "data": {
      "text/html": [
       "<div>\n",
       "<style scoped>\n",
       "    .dataframe tbody tr th:only-of-type {\n",
       "        vertical-align: middle;\n",
       "    }\n",
       "\n",
       "    .dataframe tbody tr th {\n",
       "        vertical-align: top;\n",
       "    }\n",
       "\n",
       "    .dataframe thead th {\n",
       "        text-align: right;\n",
       "    }\n",
       "</style>\n",
       "<table border=\"1\" class=\"dataframe\">\n",
       "  <thead>\n",
       "    <tr style=\"text-align: right;\">\n",
       "      <th></th>\n",
       "      <th>seq_1</th>\n",
       "      <th>seq_2</th>\n",
       "      <th>len_gapless</th>\n",
       "      <th>len_variable</th>\n",
       "      <th>diff_gapless</th>\n",
       "      <th>diff_variable</th>\n",
       "      <th>len_aln</th>\n",
       "      <th>identitty</th>\n",
       "      <th>fac_diff</th>\n",
       "      <th>frac_gapless</th>\n",
       "      <th>frac_variable</th>\n",
       "    </tr>\n",
       "  </thead>\n",
       "  <tbody>\n",
       "    <tr>\n",
       "      <th>0</th>\n",
       "      <td>A</td>\n",
       "      <td>B</td>\n",
       "      <td>209</td>\n",
       "      <td>115</td>\n",
       "      <td>40</td>\n",
       "      <td>43</td>\n",
       "      <td>217</td>\n",
       "      <td>80.8612</td>\n",
       "      <td>0.1914</td>\n",
       "      <td>0.1914</td>\n",
       "      <td>0.3739</td>\n",
       "    </tr>\n",
       "    <tr>\n",
       "      <th>1</th>\n",
       "      <td>A</td>\n",
       "      <td>C</td>\n",
       "      <td>209</td>\n",
       "      <td>115</td>\n",
       "      <td>38</td>\n",
       "      <td>40</td>\n",
       "      <td>217</td>\n",
       "      <td>81.8182</td>\n",
       "      <td>0.1818</td>\n",
       "      <td>0.1818</td>\n",
       "      <td>0.3478</td>\n",
       "    </tr>\n",
       "    <tr>\n",
       "      <th>2</th>\n",
       "      <td>A</td>\n",
       "      <td>D</td>\n",
       "      <td>210</td>\n",
       "      <td>115</td>\n",
       "      <td>47</td>\n",
       "      <td>48</td>\n",
       "      <td>217</td>\n",
       "      <td>77.6190</td>\n",
       "      <td>0.2238</td>\n",
       "      <td>0.2238</td>\n",
       "      <td>0.4174</td>\n",
       "    </tr>\n",
       "    <tr>\n",
       "      <th>3</th>\n",
       "      <td>A</td>\n",
       "      <td>E</td>\n",
       "      <td>209</td>\n",
       "      <td>115</td>\n",
       "      <td>55</td>\n",
       "      <td>56</td>\n",
       "      <td>217</td>\n",
       "      <td>73.6842</td>\n",
       "      <td>0.2632</td>\n",
       "      <td>0.2632</td>\n",
       "      <td>0.4870</td>\n",
       "    </tr>\n",
       "    <tr>\n",
       "      <th>4</th>\n",
       "      <td>A</td>\n",
       "      <td>F</td>\n",
       "      <td>208</td>\n",
       "      <td>115</td>\n",
       "      <td>47</td>\n",
       "      <td>50</td>\n",
       "      <td>217</td>\n",
       "      <td>77.4038</td>\n",
       "      <td>0.2260</td>\n",
       "      <td>0.2260</td>\n",
       "      <td>0.4348</td>\n",
       "    </tr>\n",
       "    <tr>\n",
       "      <th>...</th>\n",
       "      <td>...</td>\n",
       "      <td>...</td>\n",
       "      <td>...</td>\n",
       "      <td>...</td>\n",
       "      <td>...</td>\n",
       "      <td>...</td>\n",
       "      <td>...</td>\n",
       "      <td>...</td>\n",
       "      <td>...</td>\n",
       "      <td>...</td>\n",
       "      <td>...</td>\n",
       "    </tr>\n",
       "    <tr>\n",
       "      <th>115</th>\n",
       "      <td>M</td>\n",
       "      <td>T</td>\n",
       "      <td>212</td>\n",
       "      <td>115</td>\n",
       "      <td>46</td>\n",
       "      <td>47</td>\n",
       "      <td>217</td>\n",
       "      <td>78.3019</td>\n",
       "      <td>0.2170</td>\n",
       "      <td>0.2170</td>\n",
       "      <td>0.4087</td>\n",
       "    </tr>\n",
       "    <tr>\n",
       "      <th>116</th>\n",
       "      <td>M</td>\n",
       "      <td>U</td>\n",
       "      <td>210</td>\n",
       "      <td>115</td>\n",
       "      <td>44</td>\n",
       "      <td>49</td>\n",
       "      <td>217</td>\n",
       "      <td>79.0476</td>\n",
       "      <td>0.2095</td>\n",
       "      <td>0.2095</td>\n",
       "      <td>0.4261</td>\n",
       "    </tr>\n",
       "    <tr>\n",
       "      <th>117</th>\n",
       "      <td>N</td>\n",
       "      <td>T</td>\n",
       "      <td>211</td>\n",
       "      <td>115</td>\n",
       "      <td>54</td>\n",
       "      <td>56</td>\n",
       "      <td>217</td>\n",
       "      <td>74.4076</td>\n",
       "      <td>0.2559</td>\n",
       "      <td>0.2559</td>\n",
       "      <td>0.4870</td>\n",
       "    </tr>\n",
       "    <tr>\n",
       "      <th>118</th>\n",
       "      <td>N</td>\n",
       "      <td>U</td>\n",
       "      <td>209</td>\n",
       "      <td>115</td>\n",
       "      <td>52</td>\n",
       "      <td>58</td>\n",
       "      <td>217</td>\n",
       "      <td>75.1196</td>\n",
       "      <td>0.2488</td>\n",
       "      <td>0.2488</td>\n",
       "      <td>0.5043</td>\n",
       "    </tr>\n",
       "    <tr>\n",
       "      <th>119</th>\n",
       "      <td>T</td>\n",
       "      <td>U</td>\n",
       "      <td>210</td>\n",
       "      <td>115</td>\n",
       "      <td>52</td>\n",
       "      <td>58</td>\n",
       "      <td>217</td>\n",
       "      <td>75.2381</td>\n",
       "      <td>0.2476</td>\n",
       "      <td>0.2476</td>\n",
       "      <td>0.5043</td>\n",
       "    </tr>\n",
       "  </tbody>\n",
       "</table>\n",
       "<p>120 rows × 11 columns</p>\n",
       "</div>"
      ],
      "text/plain": [
       "    seq_1 seq_2  len_gapless  len_variable  diff_gapless  diff_variable  \\\n",
       "0       A     B          209           115            40             43   \n",
       "1       A     C          209           115            38             40   \n",
       "2       A     D          210           115            47             48   \n",
       "3       A     E          209           115            55             56   \n",
       "4       A     F          208           115            47             50   \n",
       "..    ...   ...          ...           ...           ...            ...   \n",
       "115     M     T          212           115            46             47   \n",
       "116     M     U          210           115            44             49   \n",
       "117     N     T          211           115            54             56   \n",
       "118     N     U          209           115            52             58   \n",
       "119     T     U          210           115            52             58   \n",
       "\n",
       "     len_aln  identitty  fac_diff  frac_gapless  frac_variable  \n",
       "0        217    80.8612    0.1914        0.1914         0.3739  \n",
       "1        217    81.8182    0.1818        0.1818         0.3478  \n",
       "2        217    77.6190    0.2238        0.2238         0.4174  \n",
       "3        217    73.6842    0.2632        0.2632         0.4870  \n",
       "4        217    77.4038    0.2260        0.2260         0.4348  \n",
       "..       ...        ...       ...           ...            ...  \n",
       "115      217    78.3019    0.2170        0.2170         0.4087  \n",
       "116      217    79.0476    0.2095        0.2095         0.4261  \n",
       "117      217    74.4076    0.2559        0.2559         0.4870  \n",
       "118      217    75.1196    0.2488        0.2488         0.5043  \n",
       "119      217    75.2381    0.2476        0.2476         0.5043  \n",
       "\n",
       "[120 rows x 11 columns]"
      ]
     },
     "execution_count": 9,
     "metadata": {},
     "output_type": "execute_result"
    }
   ],
   "source": [
    "import pandas as pd\n",
    "\n",
    "#pd.read_csv()  is for csv like excel like files\n",
    "#pd.read_table() is for text files and then you can directly read the data in\n",
    "df = pd.DataFrame(pd.read_table('ospC-NE.diff'))\n",
    "df\n",
    "#converter = pd.read_csv('ospC-NE.diff')\n",
    "\n",
    "#converter"
   ]
  },
  {
   "cell_type": "code",
   "execution_count": 108,
   "metadata": {},
   "outputs": [
    {
     "data": {
      "text/plain": [
       "'\\nimport numpy as np \\n\\n\\nfor index, row in df.iterrows():\\n    #print(\"index :\", index)\\n    #print(\"row value : \", row)\\n    print(\"row A :\" , row[0])\\n    print(\"ordinate : \",  row[0].lower())\\n    print(\"new orifnate : \", ord(row[0].lower())%32)\\n    print(\"row A :\" , row[1])\\n    print(\"ordinate : \",  row[1].lower())\\n    print(\"new orifnate : \", ord(row[1].lower())%32)\\n    #print(type(row[0]))\\n    #print(\"row B : \", row[1])\\n    #print(\"fracVar : \", row[10])\\n\\n'"
      ]
     },
     "execution_count": 108,
     "metadata": {},
     "output_type": "execute_result"
    }
   ],
   "source": [
    "'''\n",
    "import numpy as np \n",
    "\n",
    "\n",
    "for index, row in df.iterrows():\n",
    "    #print(\"index :\", index)\n",
    "    #print(\"row value : \", row)\n",
    "    print(\"row A :\" , row[0])\n",
    "    print(\"ordinate : \",  row[0].lower())\n",
    "    print(\"new orifnate : \", ord(row[0].lower())%32)\n",
    "    print(\"row A :\" , row[1])\n",
    "    print(\"ordinate : \",  row[1].lower())\n",
    "    print(\"new orifnate : \", ord(row[1].lower())%32)\n",
    "    #print(type(row[0]))\n",
    "    #print(\"row B : \", row[1])\n",
    "    #print(\"fracVar : \", row[10])\n",
    "\n",
    "'''"
   ]
  },
  {
   "cell_type": "code",
   "execution_count": 103,
   "metadata": {},
   "outputs": [
    {
     "name": "stdout",
     "output_type": "stream",
     "text": [
      "16\n",
      "[[0.     0.3739 0.3478 0.4174 0.487  0.4348 0.487  0.4522 0.3913 0.4348\n",
      "  0.4    0.487  0.4087 0.5043 0.4696 0.3913]\n",
      " [0.3739 0.     0.3304 0.4435 0.5391 0.4522 0.5652 0.4957 0.4    0.4957\n",
      "  0.4087 0.513  0.513  0.4609 0.5565 0.513 ]\n",
      " [0.3478 0.3304 0.     0.5043 0.4783 0.4261 0.5565 0.4174 0.2957 0.4\n",
      "  0.3739 0.4609 0.4348 0.4609 0.4696 0.4348]\n",
      " [0.4174 0.4435 0.5043 0.     0.5217 0.4435 0.4696 0.4609 0.4    0.4609\n",
      "  0.4435 0.487  0.4609 0.5217 0.4261 0.5043]\n",
      " [0.487  0.5391 0.4783 0.5217 0.     0.487  0.5391 0.4696 0.4957 0.4435\n",
      "  0.4174 0.5826 0.4348 0.487  0.4609 0.4696]\n",
      " [0.4348 0.4522 0.4261 0.4435 0.487  0.     0.487  0.3565 0.4783 0.3826\n",
      "  0.4261 0.4696 0.4174 0.4957 0.3739 0.4783]\n",
      " [0.487  0.5652 0.5565 0.4696 0.5391 0.487  0.     0.5217 0.5826 0.5304\n",
      "  0.5304 0.5391 0.4609 0.4348 0.4609 0.5565]\n",
      " [0.4522 0.4957 0.4174 0.4609 0.4696 0.3565 0.5217 0.     0.4696 0.2609\n",
      "  0.4609 0.3565 0.4783 0.5391 0.3913 0.4783]\n",
      " [0.3913 0.4    0.2957 0.4    0.4957 0.4783 0.5826 0.4696 0.     0.4609\n",
      "  0.4174 0.4696 0.4609 0.5391 0.5043 0.513 ]\n",
      " [0.4348 0.4957 0.4    0.4609 0.4435 0.3826 0.5304 0.2609 0.4609 0.\n",
      "  0.3826 0.4261 0.4348 0.5391 0.4696 0.4522]\n",
      " [0.4    0.4087 0.3739 0.4435 0.4174 0.4261 0.5304 0.4609 0.4174 0.3826\n",
      "  0.     0.5304 0.4261 0.4348 0.4348 0.4087]\n",
      " [0.487  0.513  0.4609 0.487  0.5826 0.4696 0.5391 0.3565 0.4696 0.4261\n",
      "  0.5304 0.     0.5739 0.5913 0.4783 0.5391]\n",
      " [0.4087 0.513  0.4348 0.4609 0.4348 0.4174 0.4609 0.4783 0.4609 0.4348\n",
      "  0.4261 0.5739 0.     0.4435 0.4087 0.4261]\n",
      " [0.5043 0.4609 0.4609 0.5217 0.487  0.4957 0.4348 0.5391 0.5391 0.5391\n",
      "  0.4348 0.5913 0.4435 0.     0.487  0.5043]\n",
      " [0.4696 0.5565 0.4696 0.4261 0.4609 0.3739 0.4609 0.3913 0.5043 0.4696\n",
      "  0.4348 0.4783 0.4087 0.487  0.     0.5043]\n",
      " [0.3913 0.513  0.4348 0.5043 0.4696 0.4783 0.5565 0.4783 0.513  0.4522\n",
      "  0.4087 0.5391 0.4261 0.5043 0.5043 0.    ]]\n"
     ]
    }
   ],
   "source": [
    "from scipy import sparse\n",
    "\n",
    "def create_dict(df):  ####this could be so much more effient... screw it... going to go with it. \n",
    "    translator =  {}\n",
    "    counter = 0\n",
    "    for index, row in df.iterrows():\n",
    "        if row[0] not in translator.keys():\n",
    "            translator[row[0]]=counter\n",
    "            counter+=1\n",
    "        else:\n",
    "            continue\n",
    "    \n",
    "    translator['U']=counter\n",
    "    return translator\n",
    "translator = create_dict(df)\n",
    "print(len(translator))\n",
    "        \n",
    "def adjacency_matrix(df, translator):\n",
    "       \n",
    "        dicter = {}\n",
    "        row = []\n",
    "        col = []\n",
    "        data = []\n",
    "\n",
    "        for index, val in df.iterrows():\n",
    "            row.append(translator[val[0]])  #best I have for now. I dont like doing it this way\n",
    "            col.append(translator[val[1]])\n",
    "            data.append(val[10])\n",
    "            dicter[translator[val[0]],translator[val[1]]]=val[10]\n",
    "            ## the data is actually nxn .. hence it is a square matrix nxn.. so this\n",
    "            ## makes the adjacnecy matrix bidirectional\n",
    "            row.append(translator[val[1]])\n",
    "            col.append(translator[val[0]])\n",
    "            data.append(val[10])\n",
    "            dicter[translator[val[1]],translator[val[0]]]=val[10]\n",
    "\n",
    "\n",
    "\n",
    "        shape = (len(row), len(col))\n",
    "        A = sparse.coo_matrix((data, (row, col)), shape=shape)\n",
    "\n",
    "        return A, row, col, data, dicter\n",
    "    \n",
    "\n",
    "\n",
    "\n",
    "adjac, row, col, data, dicter = adjacency_matrix(df, translator)\n",
    "\n",
    "def create_numpy_matrix(translator, dicter):\n",
    "    a_shape = (len(translator),len(translator))\n",
    "    a= np.zeros(a_shape)\n",
    "    for i,j in dicter:\n",
    "        a[i,j]=dicter[i,j]\n",
    "    return a\n",
    "numpy_matrix_form = create_numpy_matrix(translator, dicter)\n",
    "print(numpy_matrix_form)\n"
   ]
  },
  {
   "cell_type": "code",
   "execution_count": 107,
   "metadata": {},
   "outputs": [
    {
     "name": "stdout",
     "output_type": "stream",
     "text": [
      " The eigenvalues are : \n",
      " [ 6.95222044 -0.84929103 -0.83093672 -0.67670011 -0.21250884 -0.23379386\n",
      " -0.54617273 -0.51921053 -0.48542044 -0.29472874 -0.44906234 -0.42939452\n",
      " -0.39338383 -0.36960207 -0.3340797  -0.32793498]\n"
     ]
    }
   ],
   "source": [
    "import numpy as np\n",
    "\n",
    "\n",
    "\n",
    "eigenvalues, eigenvectors = np.linalg.eig(numpy_matrix_form)\n",
    "\n",
    "\n",
    "print(\" The eigenvalues are : \\n\", eigenvalues)\n",
    "\n",
    "\n",
    "\n",
    "\n"
   ]
  },
  {
   "cell_type": "code",
   "execution_count": null,
   "metadata": {},
   "outputs": [],
   "source": []
  }
 ],
 "metadata": {
  "kernelspec": {
   "display_name": "Python 3",
   "language": "python",
   "name": "python3"
  },
  "language_info": {
   "codemirror_mode": {
    "name": "ipython",
    "version": 3
   },
   "file_extension": ".py",
   "mimetype": "text/x-python",
   "name": "python",
   "nbconvert_exporter": "python",
   "pygments_lexer": "ipython3",
   "version": "3.9.2"
  },
  "orig_nbformat": 4,
  "vscode": {
   "interpreter": {
    "hash": "916dbcbb3f70747c44a77c7bcd40155683ae19c65e1c03b4aa3499c5328201f1"
   }
  }
 },
 "nbformat": 4,
 "nbformat_minor": 2
}
