{
 "cells": [
  {
   "cell_type": "code",
   "execution_count": 1,
   "metadata": {},
   "outputs": [
    {
     "data": {
      "text/html": [
       "<div>\n",
       "<style scoped>\n",
       "    .dataframe tbody tr th:only-of-type {\n",
       "        vertical-align: middle;\n",
       "    }\n",
       "\n",
       "    .dataframe tbody tr th {\n",
       "        vertical-align: top;\n",
       "    }\n",
       "\n",
       "    .dataframe thead th {\n",
       "        text-align: right;\n",
       "    }\n",
       "</style>\n",
       "<table border=\"1\" class=\"dataframe\">\n",
       "  <thead>\n",
       "    <tr style=\"text-align: right;\">\n",
       "      <th></th>\n",
       "      <th>seq_1</th>\n",
       "      <th>seq_2</th>\n",
       "      <th>len_gapless</th>\n",
       "      <th>len_variable</th>\n",
       "      <th>diff_gapless</th>\n",
       "      <th>diff_variable</th>\n",
       "      <th>len_aln</th>\n",
       "      <th>identitty</th>\n",
       "      <th>fac_diff</th>\n",
       "      <th>frac_gapless</th>\n",
       "      <th>frac_variable</th>\n",
       "    </tr>\n",
       "  </thead>\n",
       "  <tbody>\n",
       "    <tr>\n",
       "      <th>0</th>\n",
       "      <td>A</td>\n",
       "      <td>B</td>\n",
       "      <td>209</td>\n",
       "      <td>115</td>\n",
       "      <td>40</td>\n",
       "      <td>43</td>\n",
       "      <td>217</td>\n",
       "      <td>80.8612</td>\n",
       "      <td>0.1914</td>\n",
       "      <td>0.1914</td>\n",
       "      <td>0.3739</td>\n",
       "    </tr>\n",
       "    <tr>\n",
       "      <th>1</th>\n",
       "      <td>A</td>\n",
       "      <td>C</td>\n",
       "      <td>209</td>\n",
       "      <td>115</td>\n",
       "      <td>38</td>\n",
       "      <td>40</td>\n",
       "      <td>217</td>\n",
       "      <td>81.8182</td>\n",
       "      <td>0.1818</td>\n",
       "      <td>0.1818</td>\n",
       "      <td>0.3478</td>\n",
       "    </tr>\n",
       "    <tr>\n",
       "      <th>2</th>\n",
       "      <td>A</td>\n",
       "      <td>D</td>\n",
       "      <td>210</td>\n",
       "      <td>115</td>\n",
       "      <td>47</td>\n",
       "      <td>48</td>\n",
       "      <td>217</td>\n",
       "      <td>77.6190</td>\n",
       "      <td>0.2238</td>\n",
       "      <td>0.2238</td>\n",
       "      <td>0.4174</td>\n",
       "    </tr>\n",
       "    <tr>\n",
       "      <th>3</th>\n",
       "      <td>A</td>\n",
       "      <td>E</td>\n",
       "      <td>209</td>\n",
       "      <td>115</td>\n",
       "      <td>55</td>\n",
       "      <td>56</td>\n",
       "      <td>217</td>\n",
       "      <td>73.6842</td>\n",
       "      <td>0.2632</td>\n",
       "      <td>0.2632</td>\n",
       "      <td>0.4870</td>\n",
       "    </tr>\n",
       "    <tr>\n",
       "      <th>4</th>\n",
       "      <td>A</td>\n",
       "      <td>F</td>\n",
       "      <td>208</td>\n",
       "      <td>115</td>\n",
       "      <td>47</td>\n",
       "      <td>50</td>\n",
       "      <td>217</td>\n",
       "      <td>77.4038</td>\n",
       "      <td>0.2260</td>\n",
       "      <td>0.2260</td>\n",
       "      <td>0.4348</td>\n",
       "    </tr>\n",
       "    <tr>\n",
       "      <th>...</th>\n",
       "      <td>...</td>\n",
       "      <td>...</td>\n",
       "      <td>...</td>\n",
       "      <td>...</td>\n",
       "      <td>...</td>\n",
       "      <td>...</td>\n",
       "      <td>...</td>\n",
       "      <td>...</td>\n",
       "      <td>...</td>\n",
       "      <td>...</td>\n",
       "      <td>...</td>\n",
       "    </tr>\n",
       "    <tr>\n",
       "      <th>115</th>\n",
       "      <td>M</td>\n",
       "      <td>T</td>\n",
       "      <td>212</td>\n",
       "      <td>115</td>\n",
       "      <td>46</td>\n",
       "      <td>47</td>\n",
       "      <td>217</td>\n",
       "      <td>78.3019</td>\n",
       "      <td>0.2170</td>\n",
       "      <td>0.2170</td>\n",
       "      <td>0.4087</td>\n",
       "    </tr>\n",
       "    <tr>\n",
       "      <th>116</th>\n",
       "      <td>M</td>\n",
       "      <td>U</td>\n",
       "      <td>210</td>\n",
       "      <td>115</td>\n",
       "      <td>44</td>\n",
       "      <td>49</td>\n",
       "      <td>217</td>\n",
       "      <td>79.0476</td>\n",
       "      <td>0.2095</td>\n",
       "      <td>0.2095</td>\n",
       "      <td>0.4261</td>\n",
       "    </tr>\n",
       "    <tr>\n",
       "      <th>117</th>\n",
       "      <td>N</td>\n",
       "      <td>T</td>\n",
       "      <td>211</td>\n",
       "      <td>115</td>\n",
       "      <td>54</td>\n",
       "      <td>56</td>\n",
       "      <td>217</td>\n",
       "      <td>74.4076</td>\n",
       "      <td>0.2559</td>\n",
       "      <td>0.2559</td>\n",
       "      <td>0.4870</td>\n",
       "    </tr>\n",
       "    <tr>\n",
       "      <th>118</th>\n",
       "      <td>N</td>\n",
       "      <td>U</td>\n",
       "      <td>209</td>\n",
       "      <td>115</td>\n",
       "      <td>52</td>\n",
       "      <td>58</td>\n",
       "      <td>217</td>\n",
       "      <td>75.1196</td>\n",
       "      <td>0.2488</td>\n",
       "      <td>0.2488</td>\n",
       "      <td>0.5043</td>\n",
       "    </tr>\n",
       "    <tr>\n",
       "      <th>119</th>\n",
       "      <td>T</td>\n",
       "      <td>U</td>\n",
       "      <td>210</td>\n",
       "      <td>115</td>\n",
       "      <td>52</td>\n",
       "      <td>58</td>\n",
       "      <td>217</td>\n",
       "      <td>75.2381</td>\n",
       "      <td>0.2476</td>\n",
       "      <td>0.2476</td>\n",
       "      <td>0.5043</td>\n",
       "    </tr>\n",
       "  </tbody>\n",
       "</table>\n",
       "<p>120 rows × 11 columns</p>\n",
       "</div>"
      ],
      "text/plain": [
       "    seq_1 seq_2  len_gapless  len_variable  diff_gapless  diff_variable  \\\n",
       "0       A     B          209           115            40             43   \n",
       "1       A     C          209           115            38             40   \n",
       "2       A     D          210           115            47             48   \n",
       "3       A     E          209           115            55             56   \n",
       "4       A     F          208           115            47             50   \n",
       "..    ...   ...          ...           ...           ...            ...   \n",
       "115     M     T          212           115            46             47   \n",
       "116     M     U          210           115            44             49   \n",
       "117     N     T          211           115            54             56   \n",
       "118     N     U          209           115            52             58   \n",
       "119     T     U          210           115            52             58   \n",
       "\n",
       "     len_aln  identitty  fac_diff  frac_gapless  frac_variable  \n",
       "0        217    80.8612    0.1914        0.1914         0.3739  \n",
       "1        217    81.8182    0.1818        0.1818         0.3478  \n",
       "2        217    77.6190    0.2238        0.2238         0.4174  \n",
       "3        217    73.6842    0.2632        0.2632         0.4870  \n",
       "4        217    77.4038    0.2260        0.2260         0.4348  \n",
       "..       ...        ...       ...           ...            ...  \n",
       "115      217    78.3019    0.2170        0.2170         0.4087  \n",
       "116      217    79.0476    0.2095        0.2095         0.4261  \n",
       "117      217    74.4076    0.2559        0.2559         0.4870  \n",
       "118      217    75.1196    0.2488        0.2488         0.5043  \n",
       "119      217    75.2381    0.2476        0.2476         0.5043  \n",
       "\n",
       "[120 rows x 11 columns]"
      ]
     },
     "execution_count": 1,
     "metadata": {},
     "output_type": "execute_result"
    }
   ],
   "source": [
    "import pandas as pd\n",
    "df= pd.DataFrame(pd.read_table('ospC-NE.diff'))\n",
    "df"
   ]
  },
  {
   "cell_type": "code",
   "execution_count": 4,
   "metadata": {},
   "outputs": [],
   "source": [
    "from scipy import sparse\n",
    "import numpy as np\n",
    "def create_dict(df):  \n",
    "        translator =  {}\n",
    "        counter = 0\n",
    "        for index, row in df.iterrows():\n",
    "            if row[0] not in translator.keys():\n",
    "                translator[row[0]]=counter\n",
    "                counter+=1\n",
    "            else:\n",
    "                continue\n",
    "        \n",
    "        translator['U']=counter\n",
    "        return translator\n",
    "translator = create_dict(df)\n",
    "\n",
    "\n",
    "def adjacency_matrix(df, translator):\n",
    "   \n",
    "            dicter = {} #for fractional variability\n",
    "            dicter_two = {} #fractonal gapless\n",
    "    \n",
    "            for index, val in df.iterrows():\n",
    "    \n",
    "                dicter[translator[val[0]],translator[val[1]]]=val[10]\n",
    "                dicter[translator[val[1]],translator[val[0]]]=val[10]\n",
    "                dicter_two[translator[val[0]],translator[val[1]]]=val[9]\n",
    "                dicter_two[translator[val[1]],translator[val[0]]]=val[9]\n",
    "    \n",
    "            return dicter, dicter_two\n",
    "dicter , dicter_two = adjacency_matrix(df, translator)\n",
    "\n",
    "def create_numpy_matrix(translator, dicter):\n",
    "        a_shape = (len(translator),len(translator))\n",
    "        a= np.zeros(a_shape)\n",
    "        for i,j in dicter:\n",
    "              a[i,j]=dicter[i,j]\n",
    "              a[i,i]=1\n",
    "        \n",
    "        return a\n",
    "    \n",
    "numpy_matrix_form_frac_variable = create_numpy_matrix(translator, dicter)\n",
    "numpy_matrix_form_frac_gapless = create_numpy_matrix(translator, dicter_two)"
   ]
  },
  {
   "cell_type": "code",
   "execution_count": 5,
   "metadata": {},
   "outputs": [
    {
     "name": "stdout",
     "output_type": "stream",
     "text": [
      "THIS IS FOR FRACTIONAL VARIABILITY FEATURE :::\n",
      " The eigenvalues are : \n",
      " [7.95222044 0.15070897 0.16906328 0.32329989 0.78749116 0.76620614\n",
      " 0.45382727 0.48078947 0.51457956 0.70527126 0.55093766 0.57060548\n",
      " 0.60661617 0.63039793 0.6659203  0.67206502]\n",
      " The eigenvectors are : \n",
      " [[-0.23468673  0.18076714  0.18038592  0.03210421 -0.02433174  0.04307591\n",
      "   0.20768003 -0.35673453  0.12201379  0.55004018  0.06567967 -0.1594044\n",
      "   0.33922813  0.19813869 -0.44189965  0.09524923]\n",
      " [-0.25446338  0.33608278  0.29321642  0.24954301 -0.2057166   0.17395351\n",
      "  -0.20216196  0.09739891  0.18860246 -0.48108965 -0.27675003 -0.00845678\n",
      "   0.3436998  -0.18951441 -0.1737083  -0.15236122]\n",
      " [-0.23167685  0.36168575  0.17062311 -0.04377833  0.37959345 -0.5762668\n",
      "  -0.17341399  0.09093523  0.11780675 -0.17780669  0.36835215 -0.03627873\n",
      "  -0.02717838  0.17361218  0.08905088  0.22059286]\n",
      " [-0.25053552 -0.01076405 -0.01990572  0.34223981  0.23466428 -0.30391724\n",
      "   0.54599121  0.04762849 -0.17965744 -0.00208449 -0.47700984  0.0293921\n",
      "  -0.18790368 -0.24122278 -0.03769026  0.12721506]\n",
      " [-0.26251468 -0.19194339  0.08373101 -0.43223049  0.05098819 -0.08110682\n",
      "  -0.02609212  0.3090709  -0.5714903   0.04927432 -0.02079322 -0.05545651\n",
      "   0.49339646 -0.13159789  0.02409033 -0.03392123]\n",
      " [-0.23887298 -0.055317   -0.21200776 -0.02942349  0.00936431 -0.05513006\n",
      "   0.05600471  0.17960389  0.56793661  0.32252517 -0.07948232  0.00664377\n",
      "   0.28095481 -0.17949701  0.53930891 -0.14352927]\n",
      " [-0.27535449 -0.49093337  0.01470429  0.42489535  0.02406695  0.05440875\n",
      "  -0.10559059 -0.21997444 -0.10398189 -0.19786418  0.05844726 -0.39302548\n",
      "   0.12051633  0.38304283  0.26222917  0.0384276 ]\n",
      " [-0.23885456  0.08313026 -0.48519066 -0.11629545  0.47937841  0.47971226\n",
      "  -0.1605813   0.03624746  0.06859847 -0.09919741 -0.05706061 -0.12451078\n",
      "  -0.03326682 -0.08741889 -0.18726457  0.350648  ]\n",
      " [-0.24844515  0.38659376  0.14554232  0.13754085 -0.26885321  0.40439534\n",
      "   0.23092085  0.23447289 -0.26274841  0.13584094  0.31635153 -0.08446664\n",
      "  -0.24654013  0.00094194  0.35225049  0.15822415]\n",
      " [-0.23800787  0.11016968 -0.33212334 -0.28825315 -0.53793945 -0.29451972\n",
      "  -0.13108246 -0.00221443  0.02700256 -0.02357168 -0.23989405 -0.43525358\n",
      "  -0.27334096  0.07735144 -0.10524897  0.0667488 ]\n",
      " [-0.23502162  0.06053839  0.18673641 -0.23957272  0.22125229  0.16750978\n",
      "  -0.01901116  0.14508693  0.03048805  0.06611598 -0.3655012   0.18265777\n",
      "  -0.26677333  0.59339094  0.03374948 -0.39209049]\n",
      " [-0.26907435  0.18672666 -0.45175925  0.28572872 -0.00860754 -0.1155642\n",
      "  -0.23706776 -0.22862091 -0.30791975  0.12114476  0.19024137  0.30963087\n",
      "  -0.00957664 -0.08136042 -0.04787938 -0.48430327]\n",
      " [-0.24448495 -0.23691087  0.14696006 -0.19314353  0.12181807  0.06691232\n",
      "   0.26749412 -0.02252568  0.19341964 -0.17187524  0.38699335 -0.28101763\n",
      "  -0.27008935 -0.32292306 -0.22952505 -0.45631668]\n",
      " [-0.26622698 -0.32204356  0.33137756  0.13807016 -0.05458377 -0.01173288\n",
      "  -0.52135746  0.13279637  0.04634197  0.3536254  -0.04708922  0.18212904\n",
      "  -0.32272085 -0.26904759 -0.13729615  0.21447304]\n",
      " [-0.24822567 -0.27433069 -0.20605827  0.01963189 -0.29930101 -0.02890117\n",
      "   0.27034114  0.27253428  0.1831001  -0.20961969  0.24159641  0.50086564\n",
      "   0.08144072  0.2660253  -0.2696202   0.21379257]\n",
      " [-0.25808501 -0.01976685  0.1416985  -0.37162722 -0.08229261  0.05992875\n",
      "   0.05955698 -0.67417641 -0.01100169 -0.20581539 -0.0684959   0.33230024\n",
      "  -0.04748777 -0.14297852  0.2951553   0.19743607]]\n"
     ]
    }
   ],
   "source": [
    "import numpy as np\n",
    "eigenvalues, eigenvectors = np.linalg.eig(numpy_matrix_form_frac_variable)\n",
    "print(\"THIS IS FOR FRACTIONAL VARIABILITY FEATURE :::\")\n",
    "print(\" The eigenvalues are : \\n\", eigenvalues)\n",
    "print(\" The eigenvectors are : \\n\", eigenvectors)"
   ]
  },
  {
   "cell_type": "code",
   "execution_count": 7,
   "metadata": {},
   "outputs": [
    {
     "name": "stdout",
     "output_type": "stream",
     "text": [
      "THIS IS FOR FRACTIONAL VARIABILITY FEATURE :::\n",
      " The eigenvalues are : \n",
      " [4.62001664 0.54665329 0.58903494 0.64382797 0.88731551 0.87511851\n",
      " 0.71488272 0.7301235  0.84841829 0.74162582 0.83421254 0.82452256\n",
      " 0.80496747 0.79822066 0.76636671 0.77469286]\n",
      " The eigenvectors are : \n",
      " [[-0.23497941  0.23059668 -0.13076704  0.09395629 -0.00825988  0.0377304\n",
      "  -0.08792693 -0.44961491 -0.54452417 -0.02970266 -0.4689886   0.14867285\n",
      "   0.13768683 -0.30490958 -0.05032501 -0.02006649]\n",
      " [-0.25352855  0.37206908 -0.20863193  0.22021435 -0.21703868 -0.23389282\n",
      "   0.25678665  0.1349727   0.41522995 -0.21999324 -0.05620256 -0.21515036\n",
      "  -0.02346332 -0.44879702  0.17877244  0.12291202]\n",
      " [-0.23397745  0.27877428 -0.31117075 -0.09266264  0.36407685  0.53510306\n",
      "   0.1176993   0.04466171  0.29359469 -0.11587124  0.0431333   0.23027561\n",
      "   0.14110582  0.11297822 -0.29361127 -0.23237252]\n",
      " [-0.25372168 -0.01952562  0.06737302  0.43807541  0.22079723  0.321597\n",
      "  -0.45443089  0.08656942  0.06679288  0.10669989  0.01137378  0.1109456\n",
      "  -0.24532555  0.02643707  0.46420835  0.2606909 ]\n",
      " [-0.26386351  0.0178455   0.23209746 -0.45953704  0.06384196  0.10130192\n",
      "  -0.13495362  0.41449999 -0.11184205  0.40249486  0.07489102 -0.04679767\n",
      "   0.08508804 -0.51842169 -0.02173699 -0.04324935]\n",
      " [-0.23761652 -0.21157319 -0.02256375  0.00104696  0.03023013  0.10817793\n",
      "  -0.02328088  0.0344861  -0.38852338 -0.6250487   0.53662197 -0.17019675\n",
      "  -0.00388052 -0.14934466 -0.0416818   0.03598219]\n",
      " [-0.27229137 -0.14683712  0.47209602  0.40059849  0.02883009 -0.08984768\n",
      "   0.15258262 -0.175555    0.13516528  0.1178613   0.15532146  0.04371133\n",
      "   0.47957092 -0.0128386   0.05188034 -0.40852985]\n",
      " [-0.24140586 -0.43948832 -0.21586291 -0.16003741  0.48877224 -0.48524588\n",
      "   0.10721315  0.0116299   0.09993506 -0.09622221 -0.15860287  0.31907766\n",
      "  -0.12354742 -0.06986201  0.14425635 -0.05663011]\n",
      " [-0.25147035  0.26378561 -0.33755807  0.13355293 -0.23205066 -0.40310024\n",
      "  -0.33416155  0.26703507 -0.19334898  0.18152423  0.25707998  0.17117106\n",
      "   0.00558842  0.29305381 -0.11586006 -0.26651296]\n",
      " [-0.24048498 -0.27887479 -0.20118496 -0.29805981 -0.53953319  0.28731448\n",
      "   0.12524588 -0.05587216  0.03501012 -0.01655737 -0.11447618  0.074255\n",
      "   0.00984603  0.15847427  0.48154534 -0.2557567 ]\n",
      " [-0.23754581  0.20234972  0.0514788  -0.23723827  0.22141079 -0.11915037\n",
      "   0.04725722  0.10154416 -0.1063504  -0.06029991 -0.1472459  -0.34847446\n",
      "   0.46889628  0.45810611  0.24134752  0.34913415]\n",
      " [-0.27318876 -0.3807433  -0.32584212  0.27391505 -0.00250128  0.11948964\n",
      "   0.26633491 -0.00229441 -0.09427343  0.42074994 -0.03395013 -0.43274082\n",
      "  -0.09943996  0.05428181 -0.3196456   0.15694892]\n",
      " [-0.24179499  0.07866423  0.20738943 -0.18300311  0.09001585 -0.07926084\n",
      "  -0.32113957 -0.24707328  0.18521324 -0.124432   -0.1772125  -0.49991671\n",
      "  -0.40958234  0.11594666 -0.1195905  -0.39201297]\n",
      " [-0.26476091  0.21508809  0.41235788  0.04373815 -0.04838524  0.01294687\n",
      "   0.51016997  0.21319341 -0.24143326 -0.03477734 -0.09266239  0.23811957\n",
      "  -0.46631283  0.23442476 -0.06223169  0.04889791]\n",
      " [-0.2460349  -0.26649633  0.18930954  0.00753015 -0.33597213 -0.00178683\n",
      "  -0.29732026  0.15976977  0.24383444 -0.25874254 -0.30609506  0.21508767\n",
      "   0.15525904  0.05866523 -0.45927518  0.31765555]\n",
      " [-0.24830641  0.11732228  0.04500059 -0.26733418 -0.09751749 -0.0929669\n",
      "   0.01081427 -0.5911147   0.19454059  0.22921488  0.44309823  0.18708282\n",
      "  -0.09326384  0.01988532 -0.05709409  0.38642712]]\n",
      "The sorted eigenvalues are: \n",
      " [0.546653288150494, 0.5890349397761723, 0.6438279706374783, 0.714882718437403, 0.730123504801691, 0.741625820576387, 0.7663667063453066, 0.7746928628159513, 0.7982206640814931, 0.804967474249221, 0.8245225552056521, 0.8342125408074211, 0.8484182900168605, 0.8751185096862473, 0.8873155106875423, 4.620016643724684]\n",
      "The spacings between each eigenvalue are: \n",
      " [4.07336335557419, 0.04238165162567831, 0.05479303086130605, 0.243487540050064, 0.01219700100129506, 0.16023579124884424, 0.01524078636428794, 0.11829478521516956, 0.10679246944047349, 0.09258672023103409, 0.009689985601769036, 0.019555080956431103, 0.006746810167727935, 0.03185395773618649, 0.008326156470644719]\n"
     ]
    }
   ],
   "source": [
    "eigenvalues, eigenvectors = np.linalg.eig(numpy_matrix_form_frac_gapless)\n",
    "sorted_eigenvalues = sorted(eigenvalues)\n",
    "eigenvalues_spacing = []\n",
    "\n",
    "for i in range(len(eigenvalues)-1):\n",
    "    eigenvalues_spacing.append(abs(eigenvalues[i]-eigenvalues[i+1]))\n",
    "\n",
    "print(\"THIS IS FOR FRACTIONAL GAPLESS FEATURE :::\")\n",
    "print(\" The eigenvalues are : \\n\", eigenvalues)\n",
    "print(\" The eigenvectors are : \\n\", eigenvectors)\n",
    "print(\"The sorted eigenvalues are: \\n\", sorted_eigenvalues)\n",
    "print(\"The spacings between each eigenvalue are: \\n\", eigenvalues_spacing)\n",
    "    "
   ]
  },
  {
   "cell_type": "code",
   "execution_count": 11,
   "metadata": {},
   "outputs": [
    {
     "data": {
      "text/plain": [
       "'I fixed the negative eigenvalues by making the diagonal values equal to 1.\\nNow the eigenvalues are positive.\\nIn one of the random matrix theory papers I read they mentioned how finding \\n appropriates values for the diagonal is the key for stabilizing the matrix. This logic\\ncombined with the simple maths of how eigenvalues are calculated made the 1 on\\nthe diagonal seem plausible. \\nWhat should be noted is that it says all sequences with A<->A , B<->B, C<->C,...,U<->U  \\nhas a fractional variablility of 1. This could be incorrect based on what the \\nfractional variablitiy feature actually means for the seuqences. \\n\\nAs for why the first eigenvalue is so much larger than the rest. I still do not have\\nmuch understanding of this. But after doing some reading it says that real symmetric\\nmatrices with random values as entries have exactly one large eigenvalue.\\n\\nIf you look at the code below then it can be verified that the matrix is symmetric. \\nIt can also be verified that the matrix does have random values. Therefore, \\nmaking the leading eigenvector much larger than the rest.\\n'"
      ]
     },
     "execution_count": 11,
     "metadata": {},
     "output_type": "execute_result"
    }
   ],
   "source": [
    "'''I fixed the negative eigenvalues by making the diagonal values equal to 1.\\nNow the eigenvalues are positive.\\nIn one of the random matrix theory papers I read they mentioned how finding \\n appropriates values for the diagonal is the key for stabilizing the matrix. This logic\\ncombined with the simple maths of how eigenvalues are calculated made the 1 on\\nthe diagonal seem plausible. \\nWhat should be noted is that it says all sequences with A<->A , B<->B, C<->C,...,U<->U  \\nhas a fractional variablility of 1. This could be incorrect based on what the \\nfractional variablitiy feature actually means for the seuqences. \\n\\nAs for why the first eigenvalue is so much larger than the rest. I still do not have\\nmuch understanding of this. But after doing some reading it says that real symmetric\\nmatrices with random values as entries have exactly one large eigenvalue.\\n\\nIf you look at the code below then it can be verified that the matrix is symmetric. \\nIt can also be verified that the matrix does have random values. Therefore, \\nmaking the leading eigenvector much larger than the rest.\\n'''"
   ]
  },
  {
   "cell_type": "code",
   "execution_count": 13,
   "metadata": {},
   "outputs": [
    {
     "name": "stdout",
     "output_type": "stream",
     "text": [
      "THIS IS FOR FRACTIONAL GAPLESS FEATURE:::\n",
      " The eigenvalues are : \n",
      " [4.62001664 0.54665329 0.58903494 0.64382797 0.88731551 0.87511851\n",
      " 0.71488272 0.7301235  0.84841829 0.74162582 0.83421254 0.82452256\n",
      " 0.80496747 0.79822066 0.76636671 0.77469286]\n",
      " The eigenvectors are : \n",
      " [[-0.23497941  0.23059668 -0.13076704  0.09395629 -0.00825988  0.0377304\n",
      "  -0.08792693 -0.44961491 -0.54452417 -0.02970266 -0.4689886   0.14867285\n",
      "   0.13768683 -0.30490958 -0.05032501 -0.02006649]\n",
      " [-0.25352855  0.37206908 -0.20863193  0.22021435 -0.21703868 -0.23389282\n",
      "   0.25678665  0.1349727   0.41522995 -0.21999324 -0.05620256 -0.21515036\n",
      "  -0.02346332 -0.44879702  0.17877244  0.12291202]\n",
      " [-0.23397745  0.27877428 -0.31117075 -0.09266264  0.36407685  0.53510306\n",
      "   0.1176993   0.04466171  0.29359469 -0.11587124  0.0431333   0.23027561\n",
      "   0.14110582  0.11297822 -0.29361127 -0.23237252]\n",
      " [-0.25372168 -0.01952562  0.06737302  0.43807541  0.22079723  0.321597\n",
      "  -0.45443089  0.08656942  0.06679288  0.10669989  0.01137378  0.1109456\n",
      "  -0.24532555  0.02643707  0.46420835  0.2606909 ]\n",
      " [-0.26386351  0.0178455   0.23209746 -0.45953704  0.06384196  0.10130192\n",
      "  -0.13495362  0.41449999 -0.11184205  0.40249486  0.07489102 -0.04679767\n",
      "   0.08508804 -0.51842169 -0.02173699 -0.04324935]\n",
      " [-0.23761652 -0.21157319 -0.02256375  0.00104696  0.03023013  0.10817793\n",
      "  -0.02328088  0.0344861  -0.38852338 -0.6250487   0.53662197 -0.17019675\n",
      "  -0.00388052 -0.14934466 -0.0416818   0.03598219]\n",
      " [-0.27229137 -0.14683712  0.47209602  0.40059849  0.02883009 -0.08984768\n",
      "   0.15258262 -0.175555    0.13516528  0.1178613   0.15532146  0.04371133\n",
      "   0.47957092 -0.0128386   0.05188034 -0.40852985]\n",
      " [-0.24140586 -0.43948832 -0.21586291 -0.16003741  0.48877224 -0.48524588\n",
      "   0.10721315  0.0116299   0.09993506 -0.09622221 -0.15860287  0.31907766\n",
      "  -0.12354742 -0.06986201  0.14425635 -0.05663011]\n",
      " [-0.25147035  0.26378561 -0.33755807  0.13355293 -0.23205066 -0.40310024\n",
      "  -0.33416155  0.26703507 -0.19334898  0.18152423  0.25707998  0.17117106\n",
      "   0.00558842  0.29305381 -0.11586006 -0.26651296]\n",
      " [-0.24048498 -0.27887479 -0.20118496 -0.29805981 -0.53953319  0.28731448\n",
      "   0.12524588 -0.05587216  0.03501012 -0.01655737 -0.11447618  0.074255\n",
      "   0.00984603  0.15847427  0.48154534 -0.2557567 ]\n",
      " [-0.23754581  0.20234972  0.0514788  -0.23723827  0.22141079 -0.11915037\n",
      "   0.04725722  0.10154416 -0.1063504  -0.06029991 -0.1472459  -0.34847446\n",
      "   0.46889628  0.45810611  0.24134752  0.34913415]\n",
      " [-0.27318876 -0.3807433  -0.32584212  0.27391505 -0.00250128  0.11948964\n",
      "   0.26633491 -0.00229441 -0.09427343  0.42074994 -0.03395013 -0.43274082\n",
      "  -0.09943996  0.05428181 -0.3196456   0.15694892]\n",
      " [-0.24179499  0.07866423  0.20738943 -0.18300311  0.09001585 -0.07926084\n",
      "  -0.32113957 -0.24707328  0.18521324 -0.124432   -0.1772125  -0.49991671\n",
      "  -0.40958234  0.11594666 -0.1195905  -0.39201297]\n",
      " [-0.26476091  0.21508809  0.41235788  0.04373815 -0.04838524  0.01294687\n",
      "   0.51016997  0.21319341 -0.24143326 -0.03477734 -0.09266239  0.23811957\n",
      "  -0.46631283  0.23442476 -0.06223169  0.04889791]\n",
      " [-0.2460349  -0.26649633  0.18930954  0.00753015 -0.33597213 -0.00178683\n",
      "  -0.29732026  0.15976977  0.24383444 -0.25874254 -0.30609506  0.21508767\n",
      "   0.15525904  0.05866523 -0.45927518  0.31765555]\n",
      " [-0.24830641  0.11732228  0.04500059 -0.26733418 -0.09751749 -0.0929669\n",
      "   0.01081427 -0.5911147   0.19454059  0.22921488  0.44309823  0.18708282\n",
      "  -0.09326384  0.01988532 -0.05709409  0.38642712]]\n",
      "The sorted eigenvalues are: \n",
      " [0.546653288150494, 0.5890349397761723, 0.6438279706374783, 0.714882718437403, 0.730123504801691, 0.741625820576387, 0.7663667063453066, 0.7746928628159513, 0.7982206640814931, 0.804967474249221, 0.8245225552056521, 0.8342125408074211, 0.8484182900168605, 0.8751185096862473, 0.8873155106875423, 4.620016643724684]\n",
      "The spacings between each eigenvalue are: \n",
      " [4.07336335557419, 0.04238165162567831, 0.05479303086130605, 0.243487540050064, 0.01219700100129506, 0.16023579124884424, 0.01524078636428794, 0.11829478521516956, 0.10679246944047349, 0.09258672023103409, 0.009689985601769036, 0.019555080956431103, 0.006746810167727935, 0.03185395773618649, 0.008326156470644719]\n"
     ]
    }
   ],
   "source": [
    "#eigenvalues, eigenvectors = np.linalg.eig(numpy_matrix_form)\n",
    "sorted_eigenvalues = sorted(eigenvalues)\n",
    "eigenvalues_spacing = []\n",
    "for i in range(len(eigenvalues)-1):\n",
    "        eigenvalues_spacing.append(abs(eigenvalues[i]-eigenvalues[i+1]))\n",
    "    \n",
    "print(\"THIS IS FOR FRACTIONAL GAPLESS FEATURE:::\")\n",
    "print(\" The eigenvalues are : \\n\", eigenvalues)\n",
    "print(\" The eigenvectors are : \\n\", eigenvectors)\n",
    "print(\"The sorted eigenvalues are: \\n\", sorted_eigenvalues)\n",
    "print(\"The spacings between each eigenvalue are: \\n\", eigenvalues_spacing)"
   ]
  },
  {
   "cell_type": "code",
   "execution_count": 14,
   "metadata": {},
   "outputs": [
    {
     "name": "stdout",
     "output_type": "stream",
     "text": [
      "Input matrix is a Symmetric matrix\n",
      "Input matrix is a Symmetric matrix\n"
     ]
    }
   ],
   "source": [
    "def transposeMatrix(inputMatrix, t, rows):\n",
    "\n",
    "          for p in range(rows):\n",
    "            \n",
    "             for q in range(rows):\n",
    "             \n",
    "                   t[p][q] = inputMatrix[q][p]\n",
    "    \n",
    "def checkingSymmetric(inputMatrix, rows):\n",
    "    \n",
    "          t = [[0 for q in range(len(inputMatrix[0]))]\n",
    "             for p in range(len(inputMatrix))]\n",
    "         \n",
    "          transposeMatrix(inputMatrix, t, rows)\n",
    "    \n",
    "          for p in range(rows):\n",
    "           \n",
    "             for q in range(rows):\n",
    "              \n",
    "                   if (inputMatrix[p][q] != t[p][q]):\n",
    "                   \n",
    "                      return False\n",
    "    \n",
    "          return True\n",
    "      \n",
    "if (checkingSymmetric(numpy_matrix_form_frac_gapless, 16)):\n",
    "       print(\"Input matrix is a Symmetric matrix\")\n",
    "else:\n",
    "       print(\"Input matrix is NOT a Symmetric matrix\")\n",
    "       \n",
    "if (checkingSymmetric(numpy_matrix_form_frac_variable, 16)):\n",
    "       print(\"Input matrix is a Symmetric matrix\")\n",
    "else:\n",
    "       print(\"Input matrix is NOT a Symmetric matrix\")  \n",
    "       \n",
    "    #fair to assume that this is gaussian orthogonal ensemble\""
   ]
  },
  {
   "cell_type": "code",
   "execution_count": 19,
   "metadata": {},
   "outputs": [
    {
     "name": "stdout",
     "output_type": "stream",
     "text": [
      "[4.62001664 0.88731551 0.87511851 0.84841829 0.83421254 0.82452256\n",
      " 0.80496747 0.79822066 0.77469286 0.76636671 0.74162582 0.7301235\n",
      " 0.71488272 0.64382797 0.58903494 0.54665329]\n",
      "\n",
      "\n",
      "[16.          1.33810689  1.29019758  1.18532024  1.12952065  1.0914588\n",
      "  1.01464726  0.98814608  0.89572986  0.86302507  0.76584391  0.7206633\n",
      "  0.66079813  0.38169807  0.16647335  0.        ]\n",
      "\n",
      "\n",
      " As can be seen, the scaled version of the eigenvalue is a mess. Instead of getting scaled it seems to have gotten even more complex.\n",
      "\n",
      " Texts do not do a good job of stating what adjacent or neighboring eigenvalues are. For the purpose of this test I am going to assume that what is meant is adjacent eigenvalues are eigenvalues that are consecutive\n"
     ]
    }
   ],
   "source": [
    "eigenvalues=np.sort(eigenvalues)[::-1]\n",
    "#print(min(new_eigenvalues))\n",
    "    \n",
    "def rescaling(eigenvalues):\n",
    "        new_eigenvalues=[]\n",
    "        for i in eigenvalues:\n",
    "            new_i=(len(eigenvalues)*(i- min(eigenvalues)))/(max(eigenvalues)-min(eigenvalues))\n",
    "            new_eigenvalues.append(new_i)\n",
    "        \n",
    "        newer_eigenvalues = np.sort(new_eigenvalues)[::-1]\n",
    "       \n",
    "        return newer_eigenvalues\n",
    "    \n",
    "eigenvalues_s_s=rescaling(eigenvalues)\n",
    "    \n",
    "eigenvalues=np.sort(eigenvalues)[::-1]\n",
    "print(eigenvalues)\n",
    "\n",
    "print('\\n')\n",
    "    \n",
    "print(eigenvalues_s_s)\n",
    "print('\\n')\n",
    "print(' As can be seen, the scaled version of the eigenvalue is a mess. Instead of getting scaled it seems to have gotten even more complex.')\n",
    "\n",
    "print(\"\\n Texts do not do a good job of stating what adjacent or neighboring eigenvalues are. For the purpose of this test I am going to assume that what is meant is adjacent eigenvalues are eigenvalues that are consecutive\") \n",
    "\n",
    "    "
   ]
  },
  {
   "cell_type": "code",
   "execution_count": 22,
   "metadata": {},
   "outputs": [
    {
     "data": {
